0 0.33837890625 0.0153568634033203 2.714501953125 7.95706787109375 11.0253055938721 0.0100225861095426 0.0271915584415584 0.0658761528326746 0.896909702616224 
0.166666666666667 0.0747756958007812 0.0162364471435547 0 8.6438232421875 8.73483538513184 0 0.0297652916073969 0.0146692745376956 0.955565433854908 
0.333333333333333 0.313393249511719 0.0154409545898438 1.032275390625 21.032958984375 22.3940685791016 0.00367003653045621 0.0692096395095291 0.0587489026704047 0.86837142128961 
0.5 1.33907409667969 0.0124662414550781 1.60735473632812 23.3341918945313 26.2930869689941 0.00552350088135148 0.0742141738835302 0.242628945553281 0.677633379681838 
0.666666666666667 0.569050598144531 0.0141487701416016 0.2357666015625 8.7333251953125 9.55229116516113 0.000899422667882103 0.030835612275904 0.114463688848374 0.85380127620784 
0.833333333333333 0.0682196044921875 0.0162570922851563 0 8.82454833984375 8.9090250366211 0 0.0303708837589522 0.0133757471284794 0.956253369112568 
1 0.569473571777344 0.0145877563476562 0.2357666015625 9.149853515625 9.9696814453125 0.00087488546685189 0.0314249401471936 0.111423757869536 0.856276416516419 
1.16666666666667 0.575364990234375 0.0145682189941406 0.259661865234375 9.40975341796875 10.2593484924316 0.000962606004771691 0.0322856872888763 0.112465452483878 0.854286254222474 
1.33333333333333 0.0687030029296875 0.0162561859130859 0 8.70234375 8.78730293884277 0 0.0299616590320535 0.0134756354111728 0.956562705556774 
1.5 0.563944702148438 0.0146063873291016 0.218243408203125 8.82110595703125 9.61790045471191 0.000810818808629006 0.0303317255052822 0.110472583079336 0.858384872606753 
1.66666666666667 0.565968933105469 0.0150576599121094 0.23895263671875 10.0224975585938 10.8424767883301 0.000860960602442832 0.0334224905868307 0.107522499770411 0.858194049040316 
1.83333333333333 0.0674038696289063 0.0158016906738281 0 8.3822021484375 8.46540770874023 0 0.0296938545305993 0.013603077917406 0.956703067551995 
2 0.844920043945313 0.0136704071044922 3.53490600585937 17.0897094726563 21.4832059295654 0.0126182068385108 0.0564606470029626 0.159026936658763 0.771894209499764 
2.16666666666667 0.068763427734375 0.0162555816650391 0 8.8228271484375 8.90784615783691 0 0.0303646003021059 0.0134822142582117 0.956153185439683 
2.33333333333333 0.574942016601563 0.0145698303222656 0.278778076171875 9.714404296875 10.5826942199707 0.00103230830034863 0.0332934174123865 0.112256154032196 0.853418120255069 
2.5 0.581044921875 0.0145499908447266 1.19954223632812 21.9090454101563 23.7041825592041 0.004249651506002 0.0718377344221772 0.10853824404174 0.815374370030081 
2.66666666666667 0.068763427734375 0.0162555816650391 0 8.82626953125 8.91128854064941 0 0.0303760877162845 0.0134820545324227 0.956141857751293 
2.83333333333333 0.569866333007813 0.0145869506835938 0.23895263671875 9.07928466796875 9.90269058837891 0.000886886496266208 0.0311888417853616 0.111523020617155 0.856401251101217 
3 0.312728576660156 0.0154428680419922 0.08602294921875 9.05174560546875 9.46593999938965 0.000319513392936387 0.0311170543231937 0.0612459838941582 0.907317448389712 
3.16666666666667 0.0683706665039063 0.0162569915771484 0 8.82626953125 8.91089718933105 0 0.0303759077823455 0.0134049686644789 0.956219123553176 
3.33333333333333 0.06840087890625 0.0162567901611328 0 8.82454833984375 8.90920600891113 0 0.0303703440432187 0.0134110510852052 0.956218604871576 
3.5 0.0684915161132812 0.0162563873291016 0 8.8228271484375 8.90757505187988 0 0.0303647801722606 0.0134289810086841 0.956206238819055 
3.66666666666667 0.0679779052734375 0.01625830078125 0 8.82626953125 8.91050573730469 0 0.0303759077823455 0.0133279626580104 0.956296129559644 
3.83333333333333 0.06840087890625 0.0162567901611328 0 8.82454833984375 8.90920600891113 0 0.0303703440432187 0.0134110510852052 0.956218604871576 
4 0.337532958984375 0.0153603881835938 2.71290893554687 8.46654052734375 11.5323428100586 0.00999894315339541 0.0288812691553447 0.0655949459246821 0.895524841766578 
4.16666666666667 0.069005126953125 0.0162547760009766 0 8.8228271484375 8.9080870513916 0 0.0303646003021059 0.0135296034120191 0.956105796285875 
4.33333333333333 0.0684613037109375 0.0162564880371094 0 8.82626953125 8.91098732299805 0 0.0303762676523552 0.0134228983034783 0.956200834044166 
4.5 0.0684915161132812 0.0162565887451172 0 8.82454833984375 8.90929644470215 0 0.0303701641422369 0.0134287423659939 0.956201093491769 
4.66666666666667 0.0681591796875 0.0162575958251953 0 8.8228271484375 8.9072439239502 0 0.0303646003021059 0.0133637413736931 0.956271658324201 
4.83333333333333 1.33291076660156 0.0120453826904297 1.51177368164062 22.4460571289063 25.3027869598389 0.00534001069127536 0.0733815378555552 0.248251413780491 0.673027037672678 
5 0.0694281005859375 0.016253466796875 0 8.82454833984375 8.91022990722656 0 0.0303701641422369 0.0136123731614707 0.956017462696292 
5.16666666666667 0.0683102416992187 0.0162570922851563 0 8.8228271484375 8.90739448242187 0 0.0303646003021059 0.0133933595948227 0.956242040103071 
5.33333333333333 0.0686123657226562 0.0162560852050781 0 8.82626953125 8.91113798217773 0 0.0303760877162845 0.0134524366621845 0.956171475621531 
5.5 0.068642578125 0.0162560852050781 0 8.82454833984375 8.90944700317383 0 0.0303701641422369 0.0134583602362321 0.956171475621531 
5.66666666666667 0.0683102416992187 0.0162570922851563 0 8.8228271484375 8.90739448242187 0 0.0303646003021059 0.0133933595948227 0.956242040103071 
5.83333333333333 0.0686123657226562 0.0162560852050781 0 8.82626953125 8.91113798217773 0 0.0303760877162845 0.0134524366621845 0.956171475621531 
6 0.337291259765625 0.0153617980957031 2.71609497070312 7.94501953125 11.0137675598145 0.0100280550278492 0.0271492680402063 0.065661704592908 0.897160972339036 
6.16666666666667 0.0690353393554688 0.0162554809570312 0 8.5818603515625 8.667151171875 0 0.0295584024471938 0.0135461190517124 0.956895478501094 
6.33333333333333 0.0687030029296875 0.0162562866210938 0 8.647265625 8.73222491455078 0 0.0297774985478728 0.0134781114048294 0.956744390047298 
6.5 0.321882934570313 0.0154910064697266 1.03705444335937 21.6302124023438 23.0046407867432 0.00366362208978407 0.070723101078827 0.0599573421575414 0.865655934673848 
6.66666666666667 2.58757141113281 0.0079220947265625 1.2234375 12.4183959960938 16.2373270019531 0.00445752294057216 0.0418763385627971 0.497095064802401 0.45657107369423 
6.83333333333333 2.09009399414063 0.00939202880859375 1.97215576171875 25.1724243164062 29.2440661010742 0.00694323707396959 0.0820232974206828 0.387991228414553 0.523042237090795 
7 0.0695187377929688 0.0162530639648438 0 8.8228271484375 8.90859895019531 0 0.0303646003021059 0.0136303053638598 0.956005094334034 
7.16666666666667 0.0681289672851563 0.0162577972412109 0 8.82626953125 8.91065629577637 0 0.0303759077823455 0.013357580352806 0.956266511864849 
7.33333333333333 0.068521728515625 0.0162563873291016 0 8.82454833984375 8.90932645568848 0 0.0303703440432187 0.0134347455217515 0.95619491043503 
7.5 0.068642578125 0.0162559844970703 0 8.8228271484375 8.90772571105957 0 0.0303646003021059 0.0134585196813079 0.956176880016586 
7.66666666666667 0.0681289672851563 0.0162577972412109 0 8.82626953125 8.91065629577637 0 0.0303759077823455 0.013357580352806 0.956266511864849 
7.83333333333333 0.0685519409179687 0.0162561859130859 0 8.82454833984375 8.90935646667481 0 0.0303705239463318 0.0134407487486302 0.956188727305038 
8 0.337291259765625 0.0153617980957031 2.71609497070312 8.0310791015625 11.099827130127 0.0100251068658752 0.0274352777924773 0.065642400616206 0.896897214725441 
8.16666666666667 0.0690353393554688 0.0162554809570312 0 8.5818603515625 8.667151171875 0 0.0295584024471938 0.0135461190517124 0.956895478501094 
8.33333333333333 0.068763427734375 0.0162561859130859 0 8.6438232421875 8.72884285583496 0 0.0297658208716371 0.013490045460742 0.956744133667621 
8.5 0.068763427734375 0.0162562866210938 0 8.626611328125 8.71163104248047 0 0.0297081347653935 0.0134907651089456 0.956801100125661 
8.66666666666667 0.0682196044921875 0.0162582000732422 0 8.62833251953125 8.71281032409668 0 0.0297137099164246 0.0133839132238753 0.9569023768597 
8.83333333333333 0.068763427734375 0.0162561859130859 0 8.6438232421875 8.72884285583496 0 0.0297658208716371 0.013490045460742 0.956744133667621 
9 1.79905792236328 0.0104930694580078 1.62009887695312 22.4202392578125 25.8498891265869 0.00572045696157675 0.0732690977202545 0.33494203607769 0.586068409240479 
9.16666666666667 2.59603088378906 0.00783961486816406 3.122314453125 35.9883911132813 41.7145760650635 0.0105015002143163 0.11202850407201 0.460383626232319 0.417086369481354 
9.33333333333333 1.33408905029297 0.0120420593261719 1.55956420898437 22.3118041992188 25.2174995178223 0.00551012252846521 0.0729598757267565 0.248529602134258 0.67300039961052 
9.5 0.3253271484375 0.0154017791748047 0.135406494140625 9.15845947265625 9.63459489440918 0.000502634395567356 0.0314649131625165 0.0636749078996387 0.904357544542277 
9.66666666666667 0.068763427734375 0.0162560852050781 0 8.71783447265625 8.8028539855957 0 0.0300132141100623 0.0134866881173745 0.956500097772563 
9.83333333333333 0.068642578125 0.0162563873291016 0 8.70062255859375 8.78552152404785 0 0.0299559105885699 0.0134638632754166 0.956580226136013 
10 0.337744445800781 0.0153598846435547 2.71290893554687 8.58013916015625 11.6461524261475 0.00999495263695374 0.0292570985879122 0.0656098505745777 0.895138098200556 
10.1666666666667 0.0692166137695313 0.0162540710449219 0 8.8228271484375 8.90829783325195 0 0.0303646003021059 0.0135710689216006 0.956064330776294 
10.3333333333333 0.0686727905273437 0.0162558837890625 0 8.82626953125 8.91119820556641 0 0.0303760877162845 0.0134642838102798 0.956159628473436 
10.5 0.0687030029296875 0.0162558837890625 0 8.82454833984375 8.9095072265625 0 0.0303701641422369 0.0134702073843274 0.956159628473436 
10.6666666666667 0.0683706665039063 0.0162568908691406 0 8.8228271484375 8.90745470581055 0 0.0303646003021059 0.0134052068832746 0.95623019281462 
10.8333333333333 0.068642578125 0.0162559844970703 0 8.82626953125 8.91116809387207 0 0.0303760877162845 0.0134583602362321 0.956165552047483 
11 0.0688540649414063 0.0162553802490234 0 8.82454833984375 8.90965778503418 0 0.0303701641422369 0.0134998252545656 0.956130010603198 
11.1666666666667 1.80908843994141 0.0106185516357422 1.7650634765625 25.2911865234375 28.8759569915772 0.00611749116607774 0.0811285335689046 0.330604019434629 0.582149955830389 
11.3333333333333 1.31058380126953 0.0119613922119141 0.62127685546875 10.7987548828125 12.7425769317627 0.00231020756326415 0.0371647237228699 0.256960240735475 0.703564827978391 
11.5 1.08254058837891 0.0128797485351563 1.43530883789062 22.1362426757813 24.6669718505859 0.00507648533678902 0.0724624616164746 0.201881849170352 0.720579203876384 
11.6666666666667 0.575636901855469 0.0145681182861328 0.253289794921875 9.3667236328125 10.210218447876 0.000939100235661003 0.0321420344809256 0.112532558427982 0.854386306855432 
11.8333333333333 0.575878601074219 0.0145671112060547 0.2357666015625 9.094775390625 9.92098770446777 0.000875014780655079 0.0312403925741989 0.11269362658153 0.855190966063616 
12 0.338197631835937 0.0153588775634766 2.71609497070312 8.0310791015625 11.100730581665 0.010025047920317 0.0274351164787093 0.065818408457495 0.896721427143479 
12.1666666666667 0.581256408691406 0.0145489837646484 1.98967895507812 32.076123046875 34.6616073944092 0.00680316573252501 0.101508243868163 0.104792718597317 0.786895871801995 
12.3333333333333 0.571105041503906 0.0145828216552734 0.237359619140625 9.122314453125 9.9453619354248 0.000880848925541663 0.0313322101031598 0.111749578788685 0.856037362182614 
12.5 0.069730224609375 0.0162524597167969 0 8.82454833984375 8.91053102416992 0 0.0303701641422369 0.0136716089019471 0.955958226955816 
12.6666666666667 0.580984497070313 0.0145498901367188 1.18839111328125 21.9778930664063 23.7618185668945 0.00420943341929004 0.072051280604443 0.108508585325667 0.8152307006506 
12.8333333333333 0.320039978027344 0.0155270599365234 0.113104248046875 9.26861572265625 9.71728700866699 0.000417087670653477 0.0316340437530841 0.0622283055666518 0.905720563009611 
13 0.0694281005859375 0.0161464141845703 0 8.2582763671875 8.34385088195801 0 0.0286576078841272 0.0137255487531731 0.9576168433627 
13.1666666666667 0.0687936401367188 0.0162559844970703 0 8.71783447265625 8.80288409729004 0 0.0300132141100623 0.0134926137272679 0.95649417216267 
13.3333333333333 0.0690957641601563 0.0162549774169922 0 8.70062255859375 8.7859733001709 0 0.0299557330710108 0.0135526729047283 0.956491594024261 
13.5 0.0691259765625 0.0162549774169922 0 8.70062255859375 8.78600351257324 0 0.0299555555555556 0.0135585185185185 0.956485925925926 
13.6666666666667 0.0687936401367188 0.0162559844970703 0 8.71783447265625 8.80288409729004 0 0.0300132141100623 0.0134926137272679 0.95649417216267 
13.8333333333333 0.0690957641601563 0.0162549774169922 0 8.70062255859375 8.7859733001709 0 0.0299557330710108 0.0135526729047283 0.956491594024261 
14 0.337744445800781 0.0153603881835938 2.71609497070312 8.062060546875 11.1312603515625 0.0100239870187898 0.02753803823813 0.0657232556498836 0.896714719093197 
14.1666666666667 0.069488525390625 0.0162539703369141 0 8.55604248046875 8.64178497619629 0 0.0294720990347902 0.0136362558398748 0.956891645125335 
14.3333333333333 0.0691864013671875 0.0162547760009766 0 8.6197265625 8.70516773986816 0 0.0296853049441919 0.0135741510228034 0.956740544033005 
14.5 0.0691864013671875 0.0162548767089844 0 8.6025146484375 8.68795592651367 0 0.0296276097549409 0.0135748752178501 0.956797515027209 
14.6666666666667 0.0686727905273437 0.016256689453125 0 8.6025146484375 8.68744412841797 0 0.0296274341266783 0.0134740211624529 0.956898544710869 
14.8333333333333 0.0691864013671875 0.0162547760009766 0 8.6197265625 8.70516773986816 0 0.0296853049441919 0.0135741510228034 0.956740544033005 
15 0.565606384277344 0.0146012512207031 1.11670532226562 21.0570556640625 22.7539686218262 0.00396847861776927 0.0692587266901416 0.105982722115918 0.820790072576171 
15.1666666666667 2.57569793701172 0.00801162414550781 1.23936767578125 13.0999877929688 16.9230650299072 0.00449204653714022 0.0439446866249026 0.492237073818528 0.459326193019429 
15.3333333333333 0.826822814941406 0.0136260955810547 0.3886962890625 10.0965087890625 11.3256539886475 0.00144566891811826 0.0347553027609906 0.162145988861239 0.801653039459652 
15.5 0.0697000122070313 0.0162525604248047 0 8.82454833984375 8.91050091247559 0 0.0303701641422369 0.0136656853278994 0.955964150529864 
15.6666666666667 0.068763427734375 0.0162555816650391 0 8.8228271484375 8.90784615783691 0 0.0303646003021059 0.0134822142582117 0.956153185439683 
15.8333333333333 0.0690655517578125 0.0162545745849609 0 8.82626953125 8.91158965759277 0 0.0303760877162845 0.0135412902728991 0.956082622010816 
16 0.337744445800781 0.0153602874755859 2.71609497070312 7.94501953125 11.0142192352295 0.0100280550278492 0.0271492680402063 0.0657499279509243 0.89707274898102 
16.1666666666667 0.069488525390625 0.0162539703369141 0 8.55604248046875 8.64178497619629 0 0.0294720990347902 0.0136362558398748 0.956891645125335 
16.3333333333333 0.0691864013671875 0.0162547760009766 0 8.6197265625 8.70516773986816 0 0.0296853049441919 0.0135741510228034 0.956740544033005 
16.5 0.0691864013671875 0.0162548767089844 0 8.60423583984375 8.68967711791992 0 0.0296333619846468 0.0135747947479178 0.956791843267435 
16.6666666666667 0.0686727905273437 0.016256689453125 0 8.6025146484375 8.68744412841797 0 0.0296274341266783 0.0134740211624529 0.956898544710869 
16.8333333333333 0.0691864013671875 0.0162547760009766 0 8.6197265625 8.70516773986816 0 0.0296853049441919 0.0135741510228034 0.956740544033005 
17 0.0691864013671875 0.0162548767089844 0 8.6025146484375 8.68795592651367 0 0.0296276097549409 0.0135748752178501 0.956797515027209 
17.1666666666667 0.0686727905273437 0.016256689453125 0 8.6025146484375 8.68744412841797 0 0.0296274341266783 0.0134740211624529 0.956898544710869 
17.3333333333333 0.815342102050781 0.0137970977783203 1.18839111328125 20.9348510742187 22.9523813873291 0.00421714330938343 0.0687575255657247 0.152557703070148 0.774467628054744 
17.5 0.564820861816406 0.0145769805908203 0.2357666015625 9.78153076171875 10.5966952056885 0.000874337600652209 0.0335733823277466 0.11044419894725 0.855108081124351 
17.6666666666667 0.0692770385742188 0.0162546752929688 0 8.5680908203125 8.65362253417969 0 0.0295123758707574 0.013594190010375 0.956893434118868 
17.8333333333333 0.0691864013671875 0.0162547760009766 0 8.6197265625 8.70516773986816 0 0.0296853049441919 0.0135741510228034 0.956740544033005 
18 0.338106994628906 0.0153588775634766 2.71768798828125 8.38392333984375 11.4550772003174 0.0100189690915391 0.0286063296863346 0.0657223230383434 0.895652378183783 
18.1666666666667 0.069609375 0.0162527618408203 0 8.8228271484375 8.90868928527832 0 0.0303646003021059 0.0136480762965376 0.955987323401357 
18.3333333333333 0.0690957641601563 0.0162544738769531 0 8.82626953125 8.91161976928711 0 0.0303760877162845 0.0135472138469467 0.956076698436769 
18.5 0.0691259765625 0.0162544738769531 0 8.82454833984375 8.9099287902832 0 0.0303701641422369 0.0135531374209943 0.956076698436769 
18.6666666666667 0.0687936401367188 0.0162554809570312 0 8.8228271484375 8.90787626953125 0 0.0303646003021059 0.0134881379024376 0.956147261795457 
18.8333333333333 0.0690957641601563 0.0162544738769531 0 8.82626953125 8.91161976928711 0 0.0303760877162845 0.0135472138469467 0.956076698436769 
19 0.0691259765625 0.0162544738769531 0 8.82454833984375 8.9099287902832 0 0.0303701641422369 0.0135531374209943 0.956076698436769 
19.1666666666667 2.07402099609375 0.00957733154296875 1.00519409179687 12.3461059570312 15.4348983764648 0.00367818504010446 0.0418123950755456 0.40015855250886 0.55435086737549 
19.3333333333333 2.56938354492187 0.00792713012695313 1.21228637695312 12.6593627929688 16.4489598449707 0.00442766212457963 0.0427929762500436 0.494804333407031 0.457975028218346 
19.5 1.82667205810547 0.0104003173828125 0.8984619140625 13.0001586914062 15.735692980957 0.0032819319173698 0.0439511201629328 0.351824265347687 0.60094268257201 
19.6666666666667 0.0692166137695313 0.0162541717529297 0 8.82626953125 8.91174031677246 0 0.0303759077823455 0.0135708277553341 0.95605326446232 
19.8333333333333 0.0689749145507813 0.0162548767089844 0 8.82454833984375 8.90977813110352 0 0.0303703440432187 0.0135235996588001 0.956106056297981 
20 0.337744445800781 0.0153602874755859 2.71609497070312 8.0310791015625 11.100278805542 0.0100251068658752 0.0274352777924773 0.0657305980373134 0.896809017304334 
20.1666666666667 0.0695187377929688 0.0162538696289063 0 8.5543212890625 8.64009389648437 0 0.0294663449281721 0.0136422655291195 0.956891389542708 
20.3333333333333 0.0691864013671875 0.0162546752929688 0 8.6197265625 8.70516763916016 0 0.0296854809071617 0.0135742314851039 0.956740287607734 
20.5 0.0691864013671875 0.0162548767089844 0 8.6025146484375 8.68795592651367 0 0.0296276097549409 0.0135748752178501 0.956797515027209 
20.6666666666667 0.0686727905273437 0.016256689453125 0 8.6025146484375 8.68744412841797 0 0.0296274341266783 0.0134740211624529 0.956898544710869 
20.8333333333333 0.0691864013671875 0.0162547760009766 0 8.6197265625 8.70516773986816 0 0.0296853049441919 0.0135741510228034 0.956740544033005 
21 0.0691864013671875 0.0162548767089844 0 8.6025146484375 8.68795592651367 0 0.0296276097549409 0.0135748752178501 0.956797515027209 
21.1666666666667 0.561980895996094 0.0146425415039063 0.97174072265625 19.1895629882813 20.7379271484375 0.00347072077197934 0.0634345342406518 0.105834224720635 0.827260520266733 
21.3333333333333 2.58445953369141 0.00798624572753906 1.28875122070312 13.70068359375 17.5818805938721 0.0046597893014924 0.0458491011617794 0.492722319181167 0.456768790355561 
21.5 1.56633178710937 0.0111316589355469 0.70411376953125 10.28583984375 12.5674170593262 0.00261854546316263 0.0354036825517192 0.30713997962037 0.654837792364748 
21.6666666666667 0.321399536132812 0.0155621063232422 0.1083251953125 9.6283447265625 10.0736315643311 0.00039806353796531 0.0327465798732051 0.0622735281893377 0.904581828399492 
21.8333333333333 0.316837463378906 0.0152818359375 0.165673828125 10.1515869140625 10.6493800415039 0.000618190248048837 0.0350585200287696 0.0623361647239246 0.901987124999257 
22 0.847488098144531 0.0136627532958984 3.81846313476562 19.7988647460937 24.4784787322998 0.0134952538594061 0.0647625803691067 0.157928813521152 0.763813352250335 
22.1666666666667 0.069730224609375 0.0162525604248047 0 8.8228271484375 8.90880993347168 0 0.0303642405681892 0.0136716089019471 0.955964150529864 
22.3333333333333 0.557086486816406 0.0146301544189453 1.057763671875 20.991650390625 22.6211307037354 0.00376050562943162 0.0690709738803434 0.10442765557393 0.822740864916295 
22.5 0.206592407226562 0.0157953460693359 0 8.9192138671875 9.1416016204834 0 0.0306875988227143 0.0404943652546739 0.928818035922612 
22.6666666666667 0.0685821533203125 0.016255078125 0 8.929541015625 9.01437824707031 0 0.0307225847713572 0.0134426113012685 0.955834803927374 
22.8333333333333 0.365630493164063 0.0152653198242187 0.122662353515625 9.77120361328125 10.2747617797852 0.000454448877452253 0.0335052763285252 0.0714251988951581 0.894615075898864 
23 0.0695489501953125 0.0162520568847656 0 8.82454833984375 8.91034934692383 0 0.0303719632479696 0.0136368752480644 0.955991161503966 
23.1666666666667 0.0947763061523438 0.0161695770263672 0.119476318359375 9.439013671875 9.66943587341309 0.00044311837168769 0.0324008153378039 0.0185341644264571 0.948621901864051 
23.3333333333333 0.0691864013671875 0.0162545745849609 0 8.82626953125 8.91171050720215 0 0.0303753679933184 0.0135646631639429 0.956059968842739 
23.5 0.069005126953125 0.0162551788330078 0 8.82454833984375 8.90980864562988 0 0.0303696244520791 0.0135292027011018 0.956101172846819 
23.6666666666667 0.0686727905273437 0.0162563873291016 0 8.8228271484375 8.90775632629395 0 0.0303637009832958 0.0134640445444852 0.956172254472219 
23.8333333333333 0.0689749145507813 0.0162552795410156 0 8.82626953125 8.9114997253418 0 0.0303753679933184 0.0135231991280706 0.956101432878611 
24 0.346566467285156 0.0153308807373047 2.74158325195312 8.3271240234375 11.4306046234131 0.0101080106424842 0.0284151978433112 0.0673730331667264 0.894103758347478 
24.1666666666667 0.0799118041992188 0.0162194274902344 0.02230224609375 8.392529296875 8.5109627746582 8.30421913647984e-05 0.0289224089353398 0.0156890425828494 0.955305506290446 
24.3333333333333 1.35741302490234 0.0119643127441406 3.46640625 11.5646850585938 16.4004686462402 0.0126052854147116 0.0389222944400032 0.260267862315063 0.688204557830223 
24.5 2.34058502197266 0.00868938903808594 1.98649291992187 22.933154296875 27.2689216278076 0.00699285013318379 0.0747175101640264 0.434437123230057 0.483852516472732 
24.6666666666667 0.0736276245117188 0.0162396697998047 0 8.6748046875 8.76467198181152 0 0.029869852784297 0.0144430220705023 0.955687125145201 
24.8333333333333 0.0732650756835938 0.0162404754638672 0 8.67652587890625 8.76603143005371 0 0.029876310533459 0.0143721589057009 0.95575153056084 
25 0.0732650756835938 0.0162404754638672 0 8.69718017578125 8.78668572692871 0 0.0299453007864123 0.0143711368310014 0.955683562382586 
25.1666666666667 0.0727816772460937 0.0162423889160156 0 8.6748046875 8.76382875366211 0 0.0298700298107639 0.0142771630583592 0.955852807130877 
25.3333333333333 0.0732650756835938 0.0162403747558594 0 8.67652587890625 8.7660313293457 0 0.0298764876013465 0.0143722440851548 0.955751268313499 
25.5 0.0732650756835938 0.0162403747558594 0 8.69718017578125 8.7866856262207 0 0.029945478250563 0.0143712219983406 0.955683299751096 
25.6666666666667 0.0727816772460937 0.0162423889160156 0 8.6748046875 8.76382875366211 0 0.0298700298107639 0.0142771630583592 0.955852807130877 
25.8333333333333 0.0732650756835938 0.0162404754638672 0 8.67652587890625 8.76603143005371 0 0.029876310533459 0.0143721589057009 0.95575153056084 
26 0.342125244140625 0.0153455841064453 2.71928100585937 8.62144775390625 11.6981995880127 0.0100166063244864 0.0293926075450219 0.0664487697823574 0.894142016348134 
26.1666666666667 0.0736276245117188 0.0162398712158203 0 8.8228271484375 8.91269464416504 0 0.0303637009832958 0.0144354934249497 0.955200805591755 
26.3333333333333 0.0731744384765625 0.0162411804199219 0 8.82626953125 8.91568515014649 0 0.0303755479208625 0.0143466413931999 0.955277810685938 
26.5 0.073114013671875 0.0162415832519531 0 8.82454833984375 8.91390393676758 0 0.0303694445596223 0.0143347095444287 0.955295845895949 
26.6666666666667 0.323302917480469 0.0154084259033203 0.94625244140625 20.0398315429687 21.3247953277588 0.00337617014988149 0.0661763452105559 0.0608222167910469 0.869625267848516 oE-wB-
26.8333333333333 1.32629425048828 0.0120667327880859 0.616497802734375 12.179150390625 14.1340091766357 0.00226076492134057 0.0413363632646147 0.256447853441679 0.699955018372366 
27 2.56899078369141 0.00792813720703125 2.1346435546875 24.144873046875 28.8564355224609 0.00748089301764709 0.0783149009339951 0.474707324017575 0.439496882030783 
27.1666666666667 2.55880920410156 0.00796106872558594 1.2807861328125 15.6387451171875 19.4863015228271 0.00463040285656694 0.0523281596452328 0.487770322803582 0.455271114694618 
27.3333333333333 0.0725701904296875 0.0162424896240234 0 8.8228271484375 8.91163982849121 0 0.030365319795511 0.0142289305791684 0.955405749625321 
27.5 0.580470886230469 0.0145510986328125 0.339312744140625 11.3168334960938 12.2511682250977 0.00124934746523236 0.0385655379525952 0.112693487556382 0.847491627025791 
27.6666666666667 0.579262390136719 0.0145552276611328 0.28037109375 9.68858642578125 10.5627751373291 0.00103830520273499 0.0332080681033822 0.113110373022943 0.85264325367094 
27.8333333333333 0.0724795532226563 0.0162425903320313 0 8.82454833984375 8.91327048339844 0 0.0303714234938688 0.0142112434097506 0.955417333096381 
28 0.846974487304688 0.0136635589599609 3.53968505859375 16.640478515625 21.0408016204834 0.01265383060268 0.0550572611461341 0.159647833985387 0.772641074265799 
28.1666666666667 0.327895202636719 0.0155215209960938 0.132220458984375 9.60941162109375 10.0850488037109 0.000486395574386292 0.0327174276120321 0.0636006164917401 0.903195560321841 
28.3333333333333 0.328046264648438 0.0152628021240234 1.07847290039062 21.0656616210938 22.4874435882568 0.00386131216170742 0.0698059077505718 0.0619292872257299 0.864403492861991 
28.5 0.574488830566406 0.0145714416503906 0.240545654296875 9.0637939453125 9.89339987182617 0.000892846584122704 0.0311372855098686 0.112433627795319 0.855536240110689 
28.6666666666667 0.0718753051757813 0.0162450073242188 0 8.8228271484375 8.9109474609375 0 0.0303649600445463 0.014092516571591 0.955542523383863 
28.8333333333333 0.5834619140625 0.0145411285400391 1.20113525390625 21.8849487304688 23.6840870269775 0.00425579951459051 0.0717672292148784 0.109002652819326 0.814974318451205 
29 0.573582458496094 0.0145741607666016 0.23895263671875 8.94503173828125 9.7721409942627 0.000887316695159392 0.0307425657649557 0.112304716384007 0.856065401155878 
29.1666666666667 0.0719357299804688 0.0162445037841797 0 8.72816162109375 8.8163418548584 0 0.0300494800154069 0.0141092115789162 0.955841308405677 
29.3333333333333 0.569171447753906 0.01458896484375 0.21346435546875 8.76602783203125 9.56325260009766 0.000793227964245545 0.0301485822530042 0.111519564316581 0.857538625466169 
29.5 0.570228881835938 0.0145856414794922 0.237359619140625 9.5388427734375 10.3610169158936 0.000879595740159154 0.0327162388722284 0.11141939597157 0.854984769416043 
29.6666666666667 0.0722076416015625 0.016243798828125 0 8.8228271484375 8.91127858886719 0 0.0303651399189631 0.0141577612965903 0.955477098784447 
29.8333333333333 0.569715270996094 0.0145866485595703 0.234173583984375 9.57843017578125 10.3969056793213 0.000867717372055959 0.032849300513547 0.111309840033056 0.854973142081341 
30 0.592555847167969 0.0145112182617188 3.7404052734375 20.4838989257813 24.8313712646484 0.0131944210301539 0.0668768333389528 0.110213875495915 0.809714870134979 
30.1666666666667 0.0724191284179687 0.0162428924560547 0 8.8228271484375 8.91148916931152 0 0.0303654996741899 0.0141993957703927 0.955435104555417 
30.3333333333333 0.0715127563476562 0.0162460144042969 0 8.82626953125 8.91402830200195 0 0.0303768074733581 0.0140214319987205 0.955601760527921 
30.5 0.0713314819335937 0.0162469207763672 0 8.82454833984375 8.91212674255371 0 0.0303705239463318 0.0139857240174155 0.955643752036253 
30.6666666666667 0.0716940307617187 0.0162457122802734 0 8.8228271484375 8.91076689147949 0 0.0303647801722606 0.0140568910161479 0.955578328811591 
30.8333333333333 0.072147216796875 0.0162435974121094 0 8.82626953125 8.91466034545899 0 0.0303773473135478 0.0141460813932824 0.95547657129317 
31 0.0716336059570312 0.0162457122802734 0 8.82454833984375 8.91242765808106 0 0.0303708837589522 0.014045126856344 0.955583989384704 
31.1666666666667 0.0710897827148438 0.0162478271484375 0 8.8228271484375 8.91016475830078 0 0.0303646003021059 0.0139383348636081 0.955697064834286 
31.3333333333333 0.072388916015625 0.0162429931640625 0 8.82626953125 8.91490144042969 0 0.0303769874179561 0.0141933037935692 0.955429708788475 
31.5 0.07154296875 0.0162460144042969 0 8.82454833984375 8.91233732299805 0 0.0303708837589522 0.0140273557131264 0.955601760527921 
31.6666666666667 1.54110443115234 0.0121839569091797 2.255712890625 34.485791015625 38.2947922943115 0.00731994789189636 0.103575194888443 0.263688716114224 0.625416141105436 oB-
31.8333333333333 4.48430603027344 0.00158685607910156 3.708544921875 40.5220092773438 48.7164470855713 0.0122491502415103 0.123875319645995 0.78096751449588 0.0829080156166142 
32 1.90848724365234 0.00925909423828125 3.8805908203125 28.2499145507813 34.0482517089844 0.0140033801262374 0.0943503604318284 0.363127881442647 0.528518377999287 
32.1666666666667 2.78377075195313 0.00750083312988281 2.41182861328125 28.0106689453125 33.2137691436768 0.00821001144195782 0.0882494889078082 0.499650233990749 0.403890265659485 
32.3333333333333 1.86912048339844 0.010317333984375 1.6248779296875 24.3910034179687 27.8953191650391 0.0056822929723406 0.0789448761872928 0.344647781398847 0.57072504944152 
32.5 3.65240753173828 0.00438573303222656 2.57909545898437 28.2791748046875 34.5150635284424 0.0088717676133904 0.0900328238962348 0.662456367233094 0.238639041257281 
32.6666666666667 2.30016082763672 0.00841083068847656 2.21907348632812 28.2946655273438 32.8223106719971 0.00784868324675178 0.0926234773103751 0.42896181021174 0.470566029231133 
32.8333333333333 1.6508056640625 0.0109867401123047 2.9056640625 38.6390258789063 43.2064823455811 0.00970171482064593 0.119404493425812 0.290625930811455 0.580267860942088 
33 2.77355895996094 0.00724584045410156 3.67349853515625 42.2363159179688 48.69061925354 0.0120988897983169 0.128748767025541 0.48165753740897 0.377494805767172 
33.1666666666667 2.9231103515625 0.00738602600097656 2.58228149414062 29.432373046875 34.9451509185791 0.00858516847267682 0.0905653182497061 0.512419629900325 0.388429883377292 
33.3333333333333 3.22595947265625 0.00510146484375 1.60894775390625 16.9623413085938 21.80235 0.00600129532909083 0.0585571935328615 0.634449811939607 0.300991699198441 
33.5 3.30578063964844 0.00712519226074219 3.28002319335937 40.7199462890625 47.3128753143311 0.0100006799879545 0.114908250196711 0.531449442895583 0.343641626919752 
33.6666666666667 2.96163116455078 0.00497054443359375 2.22225952148437 25.6750122070313 30.8638734375 0.00852194630257491 0.0911267906777849 0.598839304804667 0.301511958214973 
33.8333333333333 2.57494262695313 0.00801887512207031 1.25848388671875 14.1877807617187 18.0292261505127 0.00454320646860587 0.0474046214186306 0.49013721633714 0.457914955775623 
34 2.71567199707031 0.00732711181640625 5.6392822265625 35.9109375 44.2732188354492 0.0189258257327075 0.111544753696952 0.480555585257103 0.388973835313238 
34.1666666666667 2.44871520996094 0.00832794799804688 2.281201171875 26.8867309570312 31.6249752868652 0.0079204854062844 0.0864007699242797 0.448292836717423 0.457385907952013 
34.3333333333333 3.66829925537109 0.00456851806640625 2.08685302734375 19.9227905273438 25.682511328125 0.00729130720336625 0.0644250999076063 0.675792860084824 0.252490732804203 
34.5 2.28868011474609 0.00855877075195313 1.95463256835937 25.0588256835938 29.3106971374512 0.00695085681914743 0.0824755700325733 0.429134683472596 0.481438889675683 
34.6666666666667 2.92459075927734 0.00717333068847656 1.76984252929687 17.5750854492188 22.2766920684814 0.00619452250323386 0.0569327356260315 0.539726348186806 0.397146393683929 
34.8333333333333 1.64524658203125 0.0105709167480469 1.36680908203125 17.5320556640625 20.554682244873 0.0050332617648094 0.0597538512078655 0.319453732709162 0.615759154318163 
35 3.29840881347656 0.00612425537109375 2.55042114257812 27.408251953125 33.2632061645508 0.00853816576094203 0.0849230178496195 0.582227176005674 0.324311640383764 
35.1666666666667 4.11562408447266 0.00269716186523438 3.46481323242188 38.534033203125 46.1171676818848 0.011595794591828 0.11935937899855 0.726259276635673 0.142785549773949 
35.3333333333333 1.61932434082031 0.010546142578125 1.58505249023438 36.1777221679688 39.3926451416016 0.00551760086950735 0.116557238870528 0.297218463722467 0.580706696537498 
35.5 1.03761474609375 0.0143776794433594 2.26845703125 34.6837280273437 38.0041774841309 0.00716712383924302 0.101421848654906 0.172856531695901 0.71855449580995 
35.6666666666667 0.0737484741210938 0.0148890747070312 0.02230224609375 8.537109375 8.64804916992187 9.01719062985077e-05 0.0319466182314713 0.0157221159481898 0.95224109391404 
35.8333333333333 1.31638458251953 0.0121003692626953 1.47354125976562 22.2550048828125 25.0570310943604 0.0052089492563873 0.0728126636595543 0.245361219513569 0.67661716757049 oE-
36 0.593009033203125 0.0145093048095703 3.2561279296875 13.845263671875 17.7089099395752 0.0117613888105691 0.0462860134991283 0.112941555564506 0.829011042125796 
36.1666666666667 0.0722378540039063 0.0162444030761719 0 8.54571533203125 8.63419758911133 0 0.0294382715317388 0.0141766177708736 0.956385110697388 
36.3333333333333 0.0724795532226563 0.0162430938720703 0 8.5956298828125 8.68435252990723 0 0.0296060041972469 0.0142220272465349 0.956171968556218 
36.5 0.0716336059570312 0.0162461151123047 0 8.5921875 8.68006722106934 0 0.0295941475676124 0.0140560344316525 0.956349818000735 
36.6666666666667 0.0714523315429688 0.0162469207763672 0 8.58702392578125 8.67472317810059 0 0.029576537962189 0.0140205476609695 0.956402914376841 
36.8333333333333 0.0720565795898438 0.0162445037841797 0 8.6025146484375 8.69081573181152 0 0.0296290148560046 0.01413869556454 0.956232289579455 
37 0.0719659423828125 0.0162448059082031 0 8.5818603515625 8.67007109985352 0 0.0295599796056298 0.0141219156479363 0.956318104746434 
37.1666666666667 0.0717544555664062 0.0162457122802734 0 8.5818603515625 8.66986051940918 0 0.0295596291114326 0.0140802485237971 0.95636012236477 
37.3333333333333 0.07178466796875 0.0162451080322266 0 8.6162841796875 8.70431395568848 0 0.029675560640461 0.0140849245069387 0.9562395148526 
37.5 0.0718450927734375 0.0162451080322266 0 8.5921875 8.68027770080567 0 0.0295946739072439 0.0140977833636671 0.956307542729089 
37.6666666666667 2.31384704589844 0.00885404663085938 1.05617065429687 12.1051391601562 15.4840109069824 0.00385017421602787 0.0408420441347271 0.444750290360046 0.510557491289199 
37.8333333333333 2.06785766601562 0.00952234497070312 0.982891845703125 12.1343994140625 15.194671270752 0.00361526968036797 0.0413089971581754 0.401042978935341 0.554032754226116 
38 0.341430358886719 0.0153467926025391 2.71928100585937 8.5336669921875 11.6097251495361 0.010020251827067 0.02910393002847 0.0663379413577529 0.89453787678671 
38.1666666666667 0.0725701904296875 0.0162427917480469 0 8.8228271484375 8.91164013061523 0 0.0303647801722606 0.0142286777163032 0.955406542111436 
38.3333333333333 0.0721774291992188 0.0162434967041016 0 8.82626953125 8.91469045715332 0 0.0303773473135478 0.0141520052129613 0.955470647473491 
38.5 0.072147216796875 0.0162438995361328 0 8.82454833984375 8.91293945617676 0 0.0303710636684596 0.0141459137975973 0.955483022533943 
38.6666666666667 0.0716940307617187 0.0162453094482422 0 8.8228271484375 8.91076648864746 0 0.0303654996741899 0.0140572240980985 0.955577276227712 
38.8333333333333 0.0720263671875 0.0162441009521484 0 8.82626953125 8.91453999938965 0 0.030377167364686 0.0141223024565935 0.955500530178721 
39 0.0718753051757813 0.0162448059082031 0 8.82454833984375 8.91266845092774 0 0.0303710636684596 0.014092600052129 0.955536336279411 
39.1666666666667 0.0714523315429688 0.0162465179443359 0 8.8228271484375 8.91052599792481 0 0.0303647801722606 0.0140095015816224 0.955625718246117 
39.3333333333333 0.071663818359375 0.0162456115722656 0 8.82626953125 8.91417896118164 0 0.030376627530892 0.0140509673368323 0.955572405132276 
39.5 0.0717544555664062 0.01624541015625 0 8.82454833984375 8.91254820556641 0 0.0303707038515763 0.0140687383747793 0.955560557773644 
39.6666666666667 0.0715731811523437 0.0162462158203125 0 8.8228271484375 8.91064654541016 0 0.0303646003021059 0.0140331131712229 0.955602286526671 
39.8333333333333 0.072147216796875 0.016243798828125 0 8.82626953125 8.914660546875 0 0.0303769874179561 0.0141459137975973 0.955477098784447 
40 0.593734130859375 0.0145069885253906 3.7531494140625 20.6525756835938 25.013966217041 0.0132317179330214 0.0673885328855367 0.110369151451501 0.80901059772994 
40.1666666666667 1.83020690917969 0.0103886352539063 2.18243408203125 27.4753784179688 31.4984080444336 0.00756626000320323 0.0881607360811191 0.334561239762077 0.569711764153601 wE-oB-
40.3333333333333 2.34877258300781 0.00964400024414062 3.08886108398437 39.3429931640625 44.7902708312988 0.00977806465928059 0.115269211955563 0.392040383054044 0.482912340331113 
40.5 3.15420501708984 0.0061294921875 3.17488403320312 40.52373046875 46.8589490112305 0.0104453831720841 0.12339493296716 0.547169316883471 0.318990366977285 
40.6666666666667 2.60621246337891 0.00701270141601563 2.89132690429687 36.4100830078125 41.9146350769043 0.0101472610781255 0.118267306251607 0.482277235472365 0.389308197197902 
40.8333333333333 2.26928375244141 0.00896210632324219 1.29671630859375 15.6456298828125 19.2205920501709 0.00467799960920888 0.0522395779455881 0.431657529050722 0.511424893394481 
41 1.67990020751953 0.0105088806152344 2.02791137695312 24.8935913085938 28.6119117736816 0.00724575812942188 0.0823216023769274 0.316485380416531 0.593947259077119 
41.1666666666667 0.0743829345703125 0.0162367492675781 0 8.69718017578125 8.78779985961914 0 0.0299453007864123 0.0145904077847115 0.955464291428876 
41.3333333333333 0.07371826171875 0.01623896484375 0 8.67652587890625 8.76648310546875 0 0.029876310533459 0.0144610588576949 0.955662630608846 
41.5 0.576150512695313 0.0145653991699219 0.21346435546875 9.36156005859375 10.1657403259277 0.000791620636486622 0.0321315271779906 0.112658250282089 0.854418601903434 
41.6666666666667 2.58494293212891 0.0078753662109375 1.25370483398437 13.198095703125 17.0446188354492 0.0045698955950155 0.0445259967250049 0.496817912597118 0.454086195082862 
41.8333333333333 0.322275695800781 0.0154115478515625 0.087615966796875 8.7677490234375 9.19305223388672 0.000325736757320193 0.0301691462143466 0.0631751634606273 0.906329953567706 
42 0.343001403808594 0.0153427642822266 2.71928100585937 8.7057861328125 11.7834113067627 0.0100136683346337 0.029671432007368 0.0665994004704723 0.893715499187526 
42.1666666666667 0.074080810546875 0.0162384613037109 0 8.8228271484375 8.91314642028809 0 0.0303635211259263 0.0145242594227022 0.955112219451372 
42.3333333333333 0.073597412109375 0.0162397705078125 0 8.82626953125 8.91610671386719 0 0.0303755479208625 0.0144295699561663 0.955194882122971 
42.5 0.0735369873046875 0.0162401733398438 0 8.82454833984375 8.91432550048828 0 0.0303694445596223 0.0144176376161733 0.955212917824204 
42.6666666666667 0.07323486328125 0.0162412811279297 0 8.8228271484375 8.91230329284668 0 0.0303635211259263 0.0143584032792129 0.955278075594861 
42.8333333333333 0.073597412109375 0.0162396697998047 0 8.82626953125 8.91610661315918 0 0.0303757278505382 0.0144296554297798 0.955194616719682 
43 0.0735369873046875 0.0162401733398438 0 8.82454833984375 8.91432550048828 0 0.0303694445596223 0.0144176376161733 0.955212917824204 
43.1666666666667 0.07323486328125 0.0162412811279297 0 8.8228271484375 8.91230329284668 0 0.0303635211259263 0.0143584032792129 0.955278075594861 
43.3333333333333 1.33085632324219 0.0121791229248047 1.11829833984375 18.0811157226562 20.542449508667 0.00398428986560116 0.0596224573192881 0.250011351253178 0.686381901561932 
43.5 1.58578857421875 0.0110768737792969 0.743939208984375 10.8211303710938 13.1619350280762 0.00275952538526993 0.0371501843622955 0.310154107970124 0.649936182282311 
43.6666666666667 0.0738995361328125 0.0162390655517578 0 8.71783447265625 8.80797307434082 0 0.0300130362645177 0.0144939559137236 0.955493007821759 
43.8333333333333 0.0736578369140625 0.0162396697998047 0 8.70062255859375 8.79052006530762 0 0.0299559105885699 0.014447578637969 0.955596510773461 
44 0.342215881347656 0.0153455841064453 2.71768798828125 8.0930419921875 11.1682914459229 0.0100286869826938 0.0276406132430399 0.066585543641836 0.89574515613243 
44.1666666666667 0.0739297485351562 0.0162392669677734 0 8.53194580078125 8.62211481628418 0 0.0293913610625241 0.0145089087189825 0.956099730218493 
44.3333333333333 0.0736880493164063 0.0162396697998047 0 8.5956298828125 8.68555760192871 0 0.0296049511524234 0.0144586455468083 0.955936403300768 
44.5 0.073597412109375 0.0162400726318359 0 8.57841796875 8.66825545349121 0 0.0295472465452131 0.0144416317383907 0.956011121716396 
44.6666666666667 0.073114013671875 0.0162418853759766 0 8.57841796875 8.66777386779785 0 0.0295468962123772 0.014346606908899 0.956106496878724 
44.8333333333333 0.0736880493164063 0.0162396697998047 0 8.5956298828125 8.68555760192871 0 0.0296049511524234 0.0144586455468083 0.955936403300768 
45 0.073597412109375 0.0162400726318359 0 8.57841796875 8.66825545349121 0 0.0295472465452131 0.0144416317383907 0.956011121716396 
45.1666666666667 0.073114013671875 0.0162419860839844 0 8.57841796875 8.66777396850586 0 0.0295467210490746 0.0143465218576967 0.956106757093229 
45.3333333333333 0.828756408691406 0.0137249908447266 1.20113525390625 20.5734008789062 22.6170175323486 0.00427381917323705 0.0677519371057062 0.155484262256055 0.772489981465002 
45.5 0.33910400390625 0.0153555541992187 0.160894775390625 9.79013671875 10.3054910522461 0.000595908879042298 0.0335597000395306 0.0662225867165421 0.899621804364885 
45.6666666666667 0.0738995361328125 0.0162385620117187 0 8.8228271484375 8.91296524658203 0 0.0303644204340821 0.0144891479480618 0.955146431617856 
45.8333333333333 0.0736578369140625 0.0162391662597656 0 8.82626953125 8.91616653442383 0 0.0303762676523552 0.0144417590749692 0.955181973272676 
46 0.342518005371094 0.0153442749023437 2.71928100585937 8.42178955078125 11.4989328369141 0.0100234291049377 0.0287314813183716 0.0665703665862209 0.89467472299047 
46.1666666666667 0.0740505981445313 0.0162384613037109 0 8.8228271484375 8.91311620788574 0 0.0303637009832958 0.0145184219879161 0.955117877028788 
46.3333333333333 0.0731744384765625 0.0162404754638672 0 8.82626953125 8.91568444519043 0 0.0303768074733581 0.0143472362910439 0.955275956235598 
46.5 0.0730535888671875 0.0162411804199219 0 8.82454833984375 8.91384310913086 0 0.0303705239463318 0.0143233717382934 0.955306104315375 
46.6666666666667 0.07275146484375 0.0162422882080078 0 8.8228271484375 8.91182090148926 0 0.0303646003021059 0.0142641352960341 0.95537126440186 
46.8333333333333 0.0730838012695312 0.0162408782958984 0 8.82626953125 8.91559421081543 0 0.030376627530892 0.01432938026467 0.955293992204438 
47 0.0730535888671875 0.0162411804199219 0 8.82454833984375 8.91384310913086 0 0.0303705239463318 0.0143233717382934 0.955306104315375 
47.1666666666667 0.07275146484375 0.0162422882080078 0 8.8228271484375 8.91182090148926 0 0.0303646003021059 0.0142641352960341 0.95537126440186 
47.3333333333333 0.331158142089844 0.0154930206298828 1.06094970703125 21.9090454101563 23.3166462799072 0.00373743665718278 0.0714321789929123 0.0615105753744451 0.86331980897546 
47.5 1.32445129394531 0.0119617950439453 0.654730224609375 11.2342163085938 13.2253596221924 0.00242402080765306 0.0384953377410013 0.258550423761302 0.700530217690044 
47.6666666666667 0.07371826171875 0.0162396697998047 0 8.82626953125 8.91622746276856 0 0.0303750081446248 0.0144530069954923 0.955171984859883 
47.8333333333333 0.0736276245117188 0.0162397705078125 0 8.82454833984375 8.91441573486328 0 0.0303696244520791 0.0144354934249497 0.955194882122971 
48 0.34248779296875 0.0153443756103516 2.71928100585937 8.4648193359375 11.541932510376 0.010021957892512 0.0288740415438629 0.0665547244695466 0.894549276094078 
48.1666666666667 0.0740505981445313 0.0162384613037109 0 8.8228271484375 8.91311620788574 0 0.0303637009832958 0.0145184219879161 0.955117877028788 
48.3333333333333 0.073597412109375 0.0162397705078125 0 8.82626953125 8.91610671386719 0 0.0303755479208625 0.0144295699561663 0.955194882122971 
48.5 0.0735369873046875 0.0162401733398438 0 8.82454833984375 8.91432550048828 0 0.0303694445596223 0.0144176376161733 0.955212917824204 
48.6666666666667 0.07323486328125 0.0162412811279297 0 8.8228271484375 8.91230329284668 0 0.0303635211259263 0.0143584032792129 0.955278075594861 
48.8333333333333 0.073597412109375 0.0162397705078125 0 8.82626953125 8.91610671386719 0 0.0303755479208625 0.0144295699561663 0.955194882122971 
49 0.0735369873046875 0.0162401733398438 0 8.82454833984375 8.91432550048828 0 0.0303694445596223 0.0144176376161733 0.955212917824204 
49.1666666666667 0.07323486328125 0.0162412811279297 0 8.8228271484375 8.91230329284668 0 0.0303635211259263 0.0143584032792129 0.955278075594861 
49.3333333333333 0.0735671997070313 0.0162397705078125 0 8.82626953125 8.91607650146484 0 0.0303757278505382 0.0144237319259088 0.955200540223553 
49.5 0.321339111328125 0.0154148712158203 0.97174072265625 20.2498168945312 21.5583115997314 0.00346441309434562 0.066817737795043 0.0604057338876394 0.869312115222972 
49.6666666666667 0.0739297485351562 0.0162392669677734 0 8.53194580078125 8.62211481628418 0 0.0293913610625241 0.0145089087189825 0.956099730218493 
49.8333333333333 0.0736880493164063 0.0162396697998047 0 8.5956298828125 8.68555760192871 0 0.0296049511524234 0.0144586455468083 0.955936403300768 
50 0.341943969726562 0.0153464904785156 2.714501953125 7.88822021484375 10.9600126281738 0.0100240600972993 0.026960250836809 0.0665799954115218 0.89643569365437 
50.1666666666667 0.0739297485351562 0.0162392669677734 0 8.53194580078125 8.62211481628418 0 0.0293913610625241 0.0145089087189825 0.956099730218493 
50.3333333333333 0.0736880493164063 0.0162396697998047 0 8.5956298828125 8.68555760192871 0 0.0296049511524234 0.0144586455468083 0.955936403300768 
50.5 0.073597412109375 0.0162400726318359 0 8.57841796875 8.66825545349121 0 0.0295472465452131 0.0144416317383907 0.956011121716396 
50.6666666666667 0.073114013671875 0.0162419860839844 0 8.57841796875 8.66777396850586 0 0.0295467210490746 0.0143465218576967 0.956106757093229 
50.8333333333333 0.0736880493164063 0.0162396697998047 0 8.5956298828125 8.68555760192871 0 0.0296049511524234 0.0144586455468083 0.955936403300768 
51 0.073597412109375 0.0162400726318359 0 8.57841796875 8.66825545349121 0 0.0295472465452131 0.0144416317383907 0.956011121716396 
51.1666666666667 0.073114013671875 0.0162419860839844 0 8.57841796875 8.66777396850586 0 0.0295467210490746 0.0143465218576967 0.956106757093229 
51.3333333333333 0.0736880493164063 0.0162396697998047 0 8.5956298828125 8.68555760192871 0 0.0296049511524234 0.0144586455468083 0.955936403300768 
51.5 0.073597412109375 0.0162400726318359 0 8.57841796875 8.66825545349121 0 0.0295472465452131 0.0144416317383907 0.956011121716396 
51.6666666666667 1.57905120849609 0.0112262237548828 0.69774169921875 10.6593383789063 12.947357510376 0.00257089024411718 0.0363505097758395 0.306775293627362 0.654303306352682 
51.8333333333333 2.59569854736328 0.00783931274414063 1.23299560546875 12.8486938476562 16.6852273132324 0.0045001046535966 0.0434021721435382 0.499517430637922 0.452580292564943 
52 0.596120910644531 0.0144996368408203 2.85309448242187 9.087890625 12.5516056549072 0.0104872378922467 0.0309171502350992 0.11553528244105 0.843060329431605 
52.1666666666667 0.0740505981445313 0.0162384613037109 0 8.8228271484375 8.91311620788574 0 0.0303637009832958 0.0145184219879161 0.955117877028788 
52.3333333333333 0.073597412109375 0.0162397705078125 0 8.82626953125 8.91610671386719 0 0.0303755479208625 0.0144295699561663 0.955194882122971 
52.5 0.0735369873046875 0.0162401733398438 0 8.82454833984375 8.91432550048828 0 0.0303694445596223 0.0144176376161733 0.955212917824204 
52.6666666666667 0.07323486328125 0.0162412811279297 0 8.8228271484375 8.91230329284668 0 0.0303635211259263 0.0143584032792129 0.955278075594861 
52.8333333333333 0.073597412109375 0.0162397705078125 0 8.82626953125 8.91610671386719 0 0.0303755479208625 0.0144295699561663 0.955194882122971 
53 0.0735369873046875 0.0162401733398438 0 8.82454833984375 8.91432550048828 0 0.0303694445596223 0.0144176376161733 0.955212917824204 
53.1666666666667 0.07323486328125 0.0162412811279297 0 8.8228271484375 8.91230329284668 0 0.0303635211259263 0.0143584032792129 0.955278075594861 
53.3333333333333 0.073597412109375 0.0162397705078125 0 8.82626953125 8.91610671386719 0 0.0303755479208625 0.0144295699561663 0.955194882122971 
