0.166666666666667 0.18828369140625 0.0158322052001953 0 71.1247924804688 71.3289083770752 0 0.201807934988572 0.0304350374089195 0.767757027602508 
0.333333333333333 0.203117980957031 0.0157803405761719 0.16248779296875 71.7977783203125 72.1791644348145 0.000496996097118884 0.203251913678599 0.0327578898130418 0.76349320041124 
0.5 0.333877258300781 0.0153456848144531 0.67862548828125 74.14892578125 75.1767742126465 0.00205861744025902 0.208181312972673 0.0534032425640902 0.736356827022978 
0.666666666666667 0.247711486816406 0.0156366302490234 0.320196533203125 72.0094848632812 72.5930295135498 0.000978083151666148 0.203582412021177 0.0398970336343818 0.755542471192775 
0.833333333333333 0.173932800292969 0.0158813507080078 0 70.5103271484375 70.7001412994385 0 0.200401134918305 0.0281626063985911 0.771436258683103 
1 0.235928649902344 0.0156730865478516 0.192755126953125 70.5843383789063 71.0286952423096 0.000591490360173634 0.200466348598021 0.0381731258065778 0.760769035235227 
1.16666666666667 0.245959167480469 0.0156372344970703 0.304266357421875 72.7186157226563 73.2844784820557 0.000927842062821223 0.205237692733685 0.0395474462483119 0.754287018955182 
1.33333333333333 0.173872375488281 0.0158775238037109 0 70.7874389648437 70.9771888641357 0 0.201069712184843 0.0281361682987763 0.770794119516381 
1.5 0.266684875488281 0.0155684509277344 0.3377197265625 72.3416748046875 72.961647857666 0.00103083259181461 0.204367423745132 0.0429205626789978 0.751681180984056 
1.66666666666667 0.235112915039063 0.0156744964599609 0.2357666015625 71.415673828125 71.9022278411865 0.000721722380708556 0.202335844732158 0.0379489430180674 0.758993489869066 
1.83333333333333 0.174174499511719 0.0158805450439453 0 70.4965576171875 70.6866126617432 0 0.200369841300902 0.028202845234135 0.771427313464963 
2 0.295900268554687 0.0154760009765625 0.826776123046875 70.713427734375 71.8515801269531 0.0025308554681595 0.200342323803208 0.0477595345956727 0.74936728613296 
2.16666666666667 0.243602600097656 0.0157066223144531 0.23895263671875 71.1643798828125 71.6626417419434 0.0007298524238399 0.20117652210723 0.0392320006228074 0.758861624846123 
2.33333333333333 0.1735400390625 0.01582646484375 0 70.1402709960938 70.3296375 0 0.200106065888523 0.0282056696145782 0.771688264496899 
2.5 0.248678283691406 0.0156330047607422 0.259661865234375 71.1454467773438 71.6694199310303 0.00079527712724434 0.20167349726776 0.0401590554254489 0.757372170179547 
2.66666666666667 0.174053649902344 0.0158814514160156 0 70.4845092773438 70.6744443786621 0 0.200337556870995 0.028183552663764 0.771478890465241 
2.83333333333333 0.246925964355469 0.0156384429931641 0.30267333984375 71.6549194335938 72.2201571807861 0.00092556959065467 0.202802040150235 0.0398141066548454 0.756458283604265 
3 0.258829650878906 0.0155978576660156 0.34090576171875 72.3485595703125 72.9638928405762 0.00104036519735339 0.204349115446506 0.0416486385314322 0.752961880824708 
3.16666666666667 0.17378173828125 0.0158779266357422 0 70.7857177734375 70.9753774383545 0 0.201064823189483 0.0281215013126953 0.770813675497822 
3.33333333333333 0.247046813964844 0.0156346160888672 0.25169677734375 71.56025390625 72.0746321136475 0.000770138137435538 0.202653564569746 0.0398570857582936 0.756719211534525 
3.5 0.254781188964844 0.015608935546875 0.344091796875 73.1971069335937 73.8115888549805 0.00104768926312522 0.206273524504288 0.0409035349811804 0.751775251251407 
3.66666666666667 0.175624694824219 0.0158721862792969 0 70.796044921875 70.9875418029785 0 0.201084326158269 0.0284183406583199 0.770497333183412 
3.83333333333333 0.244931945800781 0.0156450897216797 0.317010498046875 72.5878051757813 73.1653927093506 0.00096681727639314 0.204892386921246 0.0393868726619055 0.754753923140456 
4 0.284510192871094 0.0155141693115234 0.751904296875 69.79775390625 70.8496825653076 0.0023081587543767 0.198306046202296 0.0460507012499266 0.7533350937934 
4.16666666666667 0.175292358398438 0.0158773223876953 0 70.4913940429688 70.6825637237549 0 0.20035320477071 0.0283835745105521 0.771263220718737 
4.33333333333333 0.24484130859375 0.0156432769775391 0.23258056640625 71.11962890625 71.6126940582275 0.000712532271367428 0.201656393513028 0.0395504214189153 0.758080652796689 
4.5 0.176228942871094 0.015869970703125 0 70.8080932617188 71.000192175293 0 0.201113631474999 0.0285154187606328 0.770370949764368 
4.66666666666667 0.236563110351563 0.0156736907958984 0.259661865234375 71.952685546875 72.4645842132568 0.000793449900697068 0.203493126679388 0.0381148019782702 0.757598621441645 
4.83333333333333 0.241608581542969 0.0156547576904297 0.278778076171875 71.64287109375 72.1789125091553 0.000852647836954245 0.202803506087906 0.038963570012132 0.757380276063008 
5 0.176228942871094 0.015869970703125 0 70.8080932617188 71.000192175293 0 0.201113631474999 0.0285154187606328 0.770370949764368 
5.16666666666667 0.250430603027344 0.0156226318359375 0.34727783203125 73.205712890625 73.8190439575195 0.00105739521843942 0.206298777204887 0.0402052704846071 0.752438557092066 
5.33333333333333 0.243542175292969 0.0156484130859375 0.211871337890625 71.4001831054688 71.8712450317383 0.000648587493477551 0.202295902194957 0.0393102540219739 0.757745256289592 
5.5 0.175654907226563 0.0158763153076172 0 70.4913940429688 70.6829252655029 0 0.200351244520977 0.0284420006261741 0.771206754852849 
5.66666666666667 0.240641784667969 0.0156599945068359 0.259661865234375 71.236669921875 71.7526335662842 0.000795063775821281 0.201877911372339 0.0388508157939663 0.758476209057874 
5.83333333333333 0.245687255859375 0.0156422698974609 0.23258056640625 71.1179077148438 71.6118178070068 0.000712473160257662 0.201634784306071 0.0396837790357213 0.75796896349795 
6 0.229916381835938 0.0156941345214844 0.54481201171875 69.804638671875 70.5950611999512 0.00167363197713682 0.198467305452517 0.0372407583216701 0.762618304248676 
6.16666666666667 0.244720458984375 0.0156461975097656 0.27718505859375 71.5912353515625 72.1287870666504 0.000847829264727379 0.202670174925693 0.0394679140476539 0.757014081761926 
6.33333333333333 0.243542175292969 0.0156497222900391 0.2357666015625 70.6962158203125 71.191174319458 0.000723079929646277 0.200674223177643 0.0393834277897205 0.75921926910299 
6.5 0.174627685546875 0.0158792358398437 0 70.4707397460938 70.6612466674805 0 0.200309199164379 0.0282780248435658 0.771412775992055 
6.66666666666667 0.247862548828125 0.0156360260009766 0.259661865234375 71.1351196289063 71.6582800689697 0.000795288767887898 0.201647174773245 0.040027908292959 0.757529628165908 
6.83333333333333 0.174537048339844 0.0158792358398437 0 70.4759033203125 70.6663196044922 0 0.200323876339904 0.0282633476680414 0.771412775992055 
7 0.247318725585938 0.0156376373291016 0.297894287109375 71.5929565429688 72.1538071929932 0.000911106238885235 0.20266023532851 0.0398840410241419 0.756544617408463 
7.16666666666667 0.258587951660156 0.0155984619140625 0.34090576171875 72.3451171875 72.960209362793 0.00104038542877006 0.204343366084407 0.0416105555366493 0.753005692950173 
7.33333333333333 0.17426513671875 0.0158762145996094 0 70.7874389648437 70.9775803161621 0 0.201069712184843 0.0281997252384607 0.770730562576696 
7.5 0.2475 0.0156334075927734 0.25169677734375 71.539599609375 72.0544297943115 0.000770171923821223 0.202603961023451 0.0399319518983763 0.756693915154351 
7.66666666666667 0.255113525390625 0.0156074249267578 0.344091796875 73.2143188476562 73.8291315948486 0.0010476587736572 0.206316024328965 0.0409556976146362 0.751680619282742 
7.83333333333333 0.176168518066406 0.0158701721191406 0 70.8063720703125 70.998410760498 0 0.201109725990565 0.0285057808413385 0.770384493168097 
8 0.300613403320312 0.0154559600830078 0.842706298828125 71.3072387695313 72.4660144317627 0.00257570077076263 0.201717783047117 0.0484465456882574 0.747259970493863 
8.16666666666667 0.246351928710938 0.0156378387451172 0.30267333984375 72.1919311523438 72.7565942596436 0.000924277361042196 0.20403665975891 0.0396660926417793 0.755372970238269 
8.33333333333333 0.176168518066406 0.0158700714111328 0 70.8063720703125 70.99841065979 0 0.201110709152595 0.0285059201971118 0.770383370650293 
8.5 0.270703125 0.01555576171875 0.339312744140625 72.2504516601562 72.8760232910156 0.00103592167848493 0.204154386374469 0.0435767992451876 0.751232892701859 
8.66666666666667 0.237378845214844 0.0156671447753906 0.237359619140625 71.443212890625 71.9336184997559 0.000726531567552808 0.20239511614753 0.038311131048741 0.758567221236176 
8.83333333333333 0.176168518066406 0.0158700714111328 0 70.8063720703125 70.99841065979 0 0.201110709152595 0.0285059201971118 0.770383370650293 
9 0.246744689941406 0.0156344146728516 0.297894287109375 72.7048461914063 73.2651195831299 0.00090847260007773 0.205212786630393 0.0396764477263894 0.75420229304314 
9.16666666666667 0.173963012695313 0.0158774230957031 0 70.7857177734375 70.9755582092285 0 0.201063840189301 0.0281506976562271 0.770785462154472 
9.33333333333333 0.268195495605469 0.015563818359375 0.34090576171875 72.2917602539063 72.9164253295899 0.00104067381197845 0.204249255966854 0.0431685113501527 0.751541558871015 
9.5 0.236200561523437 0.0156698638916016 0.2357666015625 71.429443359375 71.9170803863525 0.0007217294197393 0.202376830535006 0.0381248689427152 0.758776571102539 
9.66666666666667 0.1740234375 0.0158772216796875 0 70.7857177734375 70.9756184326172 0 0.201063840189301 0.0281604755991435 0.770775684211556 
9.83333333333333 0.247711486816406 0.0156328033447266 0.304266357421875 72.1248046875 72.692415335083 0.000929336375977385 0.203889588999771 0.039893345270359 0.755287729353892 
10 0.297501525878906 0.0154689514160156 0.823590087890625 71.0060302734375 72.1425908386231 0.00251924763668258 0.201023292076796 0.0479826527628886 0.748474807523633 
10.1666666666667 0.17426513671875 0.0158807464599609 0 70.4724609375 70.6626068206787 0 0.200310171572824 0.028218763912467 0.771471064514709 
10.3333333333333 0.271518859863281 0.0155549560546875 0.380731201171875 72.5069091796875 73.1747141967774 0.00116127652958097 0.204685920858276 0.0436669128508124 0.750485889761331 
10.5 0.273633728027344 0.0155468994140625 0.4141845703125 73.3623413085938 74.0657065063477 0.00126020279571143 0.206590860621571 0.0438986796952248 0.748250256887493 
10.6666666666667 0.175292358398438 0.0158773223876953 0 70.4913940429688 70.6825637237549 0 0.20035320477071 0.0283835745105521 0.771263220718737 
10.8333333333333 0.250370178222656 0.0156280700683594 0.259661865234375 71.0765991210938 71.6022592346191 0.000795405193068751 0.201510781888185 0.0404387903985322 0.757255022520214 
11 0.175836181640625 0.0158756103515625 0 70.4913940429688 70.6831058349609 0 0.200352224641049 0.0284714918181151 0.771176283540836 
11.1666666666667 0.280733642578125 0.0155221252441406 0.48427734375 73.07490234375 73.8554354553223 0.00147442550756128 0.205915162332308 0.0450669796587481 0.747543432501382 
11.3333333333333 0.27432861328125 0.0155448852539063 0.3759521484375 72.4914184570312 73.1572441040039 0.00114680570875994 0.204661084897638 0.0441228637099165 0.750069245683686 
11.5 0.176047668457031 0.0158749053955078 0 70.4913940429688 70.6833166168213 0 0.200352224641049 0.0285057358804393 0.771142039478512 
11.6666666666667 0.24145751953125 0.0156534484863281 0.281964111328125 71.7306518554688 72.2697269348145 0.000862245345336568 0.203017371564415 0.0389325694911291 0.757187813599119 
11.8333333333333 0.251971435546875 0.0156200134277344 0.34727783203125 73.370947265625 73.9858165466309 0.00105677499418289 0.206643139688203 0.0404289149150702 0.751871170402544 
12 0.229916381835938 0.0156942352294922 0.543218994140625 69.253857421875 70.0426870330811 0.00167135561153971 0.197210159489477 0.0372991677531295 0.763819317145854 
12.1666666666667 0.246321716308594 0.0156407592773438 0.2994873046875 71.8304809570313 72.3919307373047 0.000915367461608125 0.203196969549425 0.039696760183463 0.756190902805504 
12.3333333333333 0.241125183105469 0.0156571746826172 0.281964111328125 71.9767822265625 72.5155286956787 0.000861536065262574 0.203546413430228 0.0388470019031672 0.756745048601342 
12.5 0.17474853515625 0.0158745025634766 0 70.7857177734375 70.9763408111572 0 0.201066789218682 0.0282782256684544 0.770654985112864 
12.6666666666667 0.249796142578125 0.0156274658203125 0.34090576171875 72.8322143554688 73.4385437255859 0.00103897112728367 0.205439547901909 0.0401411835531842 0.753380297417623 
12.8333333333333 0.249645080566406 0.0156294799804688 0.281964111328125 71.4070678710937 71.9543065429687 0.000862896896008736 0.202254257201777 0.0402831471848598 0.756599698717355 
13 0.17474853515625 0.0158745025634766 0 70.7857177734375 70.9763408111572 0 0.201066789218682 0.0282782256684544 0.770654985112864 
13.1666666666667 0.249342956542969 0.0156302856445312 0.259661865234375 71.2900268554688 71.8146619628906 0.000794970712888768 0.202005472129692 0.0402508791010491 0.75694867805637 
13.3333333333333 0.176047668457031 0.0158753082275391 0 70.4879516601563 70.6798746368408 0 0.200340480488413 0.0285054569825406 0.771154062529046 
13.5 0.2450830078125 0.0156453918457031 0.23895263671875 70.7168701171875 71.2165511535645 0.000732772518099481 0.200711277857569 0.0396283377788199 0.758927611845512 
13.6666666666667 0.250430603027344 0.0156274658203125 0.25806884765625 71.11962890625 71.6437558227539 0.000790448262233651 0.201613099972188 0.0404446027509551 0.757151849014623 
13.8333333333333 0.176047668457031 0.0158753082275391 0 70.4879516601563 70.6798746368408 0 0.200340480488413 0.0285054569825406 0.771154062529046 
14 0.301217651367188 0.0154565643310547 0.802880859375 70.38984375 71.5093988250732 0.002460348842318 0.199639734633803 0.048669995948235 0.749229920575644 
14.1666666666667 0.248980407714844 0.0156320983886719 0.318603515625 71.9440795898438 72.5272956115723 0.000973416008799681 0.203439078759089 0.0401096066425908 0.75547789858952 
14.3333333333333 0.174990234375 0.0158777252197266 0 70.4500854492188 70.6409534088135 0 0.200265187098794 0.0283388132143416 0.771395999686864 
14.5 0.236895446777344 0.0156700653076172 0.189569091796875 70.5051635742188 70.9472981781006 0.000581844495946646 0.200286521743382 0.0383381738883836 0.760793459872288 
14.6666666666667 0.247953186035156 0.0156309906005859 0.30267333984375 72.682470703125 73.2487282196045 0.000923064964340543 0.205153617443013 0.039871548222857 0.75405176936979 
14.8333333333333 0.174688110351563 0.0158747039794922 0 70.7874389648437 70.9780017791748 0 0.201070695218539 0.0282683093771389 0.770660995404322 
15 0.268950805664063 0.0155610992431641 0.342498779296875 72.2625 72.8895106842041 0.00104562830102423 0.204184458559076 0.0432938750498497 0.75147603809005 
15.1666666666667 0.235505676269531 0.0156727844238281 0.234173583984375 71.4518188476563 71.937170892334 0.00071678995128754 0.202422457468025 0.03800937190671 0.758851380673978 
15.3333333333333 0.175020446777344 0.0158777252197266 0 70.4483642578125 70.6392624298096 0 0.200260294347894 0.0283437059652419 0.771395999686864 
15.5 0.240823059082031 0.0156568725585937 0.275592041015625 72.0611206054687 72.593192578125 0.000841935185590742 0.203753181590333 0.0387922853430278 0.756612597881049 
15.6666666666667 0.174446411132813 0.0158758117675781 0 70.7857177734375 70.9760399963379 0 0.201063840189301 0.028228921199558 0.770707238611141 
15.8333333333333 0.250370178222656 0.0156263580322266 0.342498779296875 72.7668090820312 73.375304397583 0.00104397311890611 0.205283960688342 0.0402390941226741 0.753432972070077 
16 0.290915222167969 0.0154926177978516 0.76146240234375 70.3640258789063 71.4318961212158 0.00233369949957281 0.199589893811791 0.047010862931771 0.751065543756866 
16.1666666666667 0.174688110351563 0.0158793365478516 0 70.4483642578125 70.6389317047119 0 0.200255395349065 0.0282891936454506 0.771455411005485 
16.3333333333333 0.240702209472656 0.0156593902587891 0.25806884765625 71.1988037109375 71.7132341583252 0.000790290163326634 0.201797178371417 0.0388656896989092 0.758546841766347 
16.5 0.243965148925781 0.0156484130859375 0.294708251953125 71.9544067382812 72.5087285522461 0.000900466782510501 0.203481155907305 0.03930415820958 0.756314219100604 
16.6666666666667 0.174688110351563 0.0158793365478516 0 70.4483642578125 70.6389317047119 0 0.200255395349065 0.0282891936454506 0.771455411005485 
16.8333333333333 0.239403076171875 0.0156634185791016 0.211871337890625 70.9784912109375 71.4454290435791 0.000649325287558342 0.20132989630324 0.0386861171324233 0.759334661276779 
17 0.245536193847656 0.0156429748535156 0.25169677734375 71.2693725585937 71.7822485046387 0.000770649003521573 0.201963691701378 0.0396396484279736 0.757626010867126 
17.1666666666667 0.174688110351563 0.0158793365478516 0 70.4483642578125 70.6389317047119 0 0.200255395349065 0.0282891936454506 0.771455411005485 
17.3333333333333 0.243814086914062 0.0156488159179688 0.23895263671875 70.6927734375 71.1911889770508 0.000732851280046903 0.200664451827243 0.0394273988665234 0.759175298026187 
17.5 0.209281311035156 0.0157641265869141 0.113104248046875 70.6135986328125 70.9517483184815 0.000347091519723109 0.200560235044511 0.0338634219312954 0.765229251504471 
17.6666666666667 0.214749755859375 0.0157462005615234 0.144964599609375 70.9302978515625 71.3057584075928 0.000444414057158485 0.201256080170342 0.0347131331679397 0.763586372604559 
17.8333333333333 0.247862548828125 0.0156356231689453 0.301080322265625 71.5929565429688 72.1575350372314 0.000920850690638018 0.20266023532851 0.0399717410899169 0.756447172890935 
18 0.23130615234375 0.0156908111572266 0.547998046875 69.5791625976562 70.3741576080322 0.00168437545904128 0.19793859863879 0.0374871468442442 0.762889879057925 
18.1666666666667 0.259010925292969 0.0155950378417969 0.34090576171875 72.4225708007812 73.0380825256348 0.0010402589953237 0.204537279188015 0.0416735531164021 0.75274890870026 
18.3333333333333 0.247046813964844 0.0156349182128906 0.25169677734375 71.594677734375 72.1090562438965 0.000770051807915938 0.20272832279792 0.0398526179324596 0.756649007461704 
18.5 0.17668212890625 0.0158684600830078 0 70.8356323242188 71.028182913208 0 0.201176114033201 0.0285865123281779 0.770237373638621 
18.6666666666667 0.255173950195313 0.01560732421875 0.342498779296875 73.2177612304688 73.8310412841797 0.0010427983858451 0.206323723420767 0.040965000776036 0.751668477417352 
18.8333333333333 0.246231079101562 0.0156386444091797 0.323382568359375 72.7220581054688 73.3073103973389 0.000985958589739231 0.205210524015134 0.0395840517555406 0.754219465639586 
19 0.176077880859375 0.0158749053955078 0 70.4913940429688 70.6833468292236 0 0.200351244520977 0.0285104884157796 0.771138267063244 
19.1666666666667 0.238406066894531 0.0156656341552734 0.25806884765625 71.0593872070312 71.5715277557373 0.00079065658660862 0.201495414679857 0.0385127847217816 0.759201144011752 
19.3333333333333 0.25499267578125 0.0156117553710938 0.318603515625 72.0301391601563 72.6193471069336 0.000973193388124121 0.203635850498032 0.0410687609788379 0.754322195135006 
19.5 0.17474853515625 0.0158745025634766 0 70.7857177734375 70.9763408111572 0 0.201066789218682 0.0282782256684544 0.770654985112864 
19.6666666666667 0.270129089355469 0.0155597900390625 0.32178955078125 71.7840087890625 72.3914872192383 0.000983672018426807 0.203094184160933 0.0435396609740301 0.75238248284661 
19.8333333333333 0.175020446777344 0.0158777252197266 0 70.4483642578125 70.6392624298096 0 0.200260294347894 0.0283437059652419 0.771395999686864 
20 0.305326538085938 0.0154446807861328 0.80606689453125 70.224609375 71.3514474884033 0.00247102889541102 0.199245017653695 0.0493522095198097 0.748931743931085 
20.1666666666667 0.228194274902344 0.0157025939941406 0.215057373046875 71.1144653320312 71.5734195739746 0.000658771172173506 0.201618137190317 0.0368570271364925 0.760866064501017 
20.3333333333333 0.176047668457031 0.0158752075195313 0 70.4879516601563 70.6798745361328 0 0.200341460551033 0.0285055964308078 0.771152943018159 
20.5 0.241548156738281 0.0156569732666016 0.2548828125 71.5499267578125 72.0620147003174 0.000779749895221108 0.202588769652134 0.0389631275768297 0.757668352875815 
20.6666666666667 0.245505981445312 0.0156421691894531 0.25806884765625 71.4535400390625 71.9727570373535 0.000789766190206899 0.202384898890427 0.0396150621087732 0.757210272810593 
20.8333333333333 0.175020446777344 0.0158777252197266 0 70.4483642578125 70.6392624298096 0 0.200260294347894 0.0283437059652419 0.771395999686864 
21 0.238345642089844 0.0156671447753906 0.211871337890625 71.0404541015625 71.5063382263184 0.00064920484609452 0.201468276824851 0.0385080979762381 0.759374420352816 
21.1666666666667 0.244811096191406 0.0156457946777344 0.256475830078125 71.264208984375 71.7811417053223 0.000785266258913504 0.201945119155619 0.0395218167451933 0.757747797840274 
21.3333333333333 0.175020446777344 0.0158777252197266 0 70.4483642578125 70.6392624298096 0 0.200260294347894 0.0283437059652419 0.771395999686864 
21.5 0.244539184570312 0.0156464996337891 0.29630126953125 71.9148193359375 72.4713062896728 0.000905431126385529 0.203390985605592 0.0394008577256154 0.756302725542407 
21.6666666666667 0.236079711914063 0.0156747985839844 0.2102783203125 71.1110229492188 71.5730557800293 0.000644194683441756 0.201628055654516 0.0381343731546506 0.759593376507391 
21.8333333333333 0.175020446777344 0.0158777252197266 0 70.4483642578125 70.6392624298096 0 0.200260294347894 0.0283437059652419 0.771395999686864 
22 0.312184753417969 0.0154229278564453 0.868194580078125 70.9492309570313 72.1450332183838 0.00265537604022529 0.200839001383719 0.0503449552727485 0.746160667303307 
22.1666666666667 0.216441650390625 0.0157406616210937 0.208685302734375 71.525830078125 71.9666976928711 0.000638554040682229 0.202562990187715 0.034920619446164 0.761877836325438 
22.3333333333333 0.285658264160156 0.0155084289550781 0.3759521484375 71.6618041992188 72.3389230407715 0.00114942528735632 0.202781024741866 0.0460500681862459 0.750019481784531 
22.5 0.242031555175781 0.0156533477783203 0.28037109375 71.6325439453125 72.1705999420166 0.000857541001179119 0.202779212426549 0.0390327327298064 0.757330513842466 
22.6666666666667 0.176500854492187 0.0158693664550781 0 70.8459594726563 71.0383296936035 0 0.201196592058891 0.0285559265034387 0.77024748143767 
22.8333333333333 0.251488037109375 0.0156238403320312 0.34727783203125 73.2521850585938 73.8665747680664 0.00105701582129644 0.206355671277777 0.0403605490663835 0.752226763834543 
23 0.251185913085938 0.0156236389160156 0.285150146484375 71.05078125 71.6027409484863 0.000873549980235322 0.201453313877732 0.0405737124898127 0.75709942365222 
23.1666666666667 0.176531066894531 0.0158692657470703 0 70.8476806640625 71.0400809967041 0 0.201200496622381 0.028560674937189 0.77023882844043 
23.3333333333333 0.250068054199219 0.0156261566162109 0.259661865234375 71.3760864257813 71.9014425018311 0.000794842786923617 0.202216782398377 0.040361434032925 0.756626940781774 
23.5 0.2489501953125 0.0156319976806641 0.259661865234375 71.0215209960938 71.5457650543213 0.000795560479679043 0.201393939098137 0.0402172905064743 0.75759320991571 
23.6666666666667 0.174899597167969 0.0158786315917969 0 70.4363159179688 70.6270941467285 0 0.20022800442309 0.0283244121302267 0.771447583446683 
23.8333333333333 0.271972045898438 0.0155538482666016 0.38551025390625 72.4552734375 73.1283095855713 0.00117598464416746 0.204563014796997 0.043744684986758 0.750516315572078 
24 0.296716003417969 0.0154717712402344 0.82518310546875 71.0765991210938 72.2139700012207 0.00252357939044353 0.201179943877153 0.0478457011458415 0.748450775586562 
24.1666666666667 0.174899597167969 0.0158786315917969 0 70.4363159179688 70.6270941467285 0 0.20022800442309 0.0283244121302267 0.771447583446683 
24.3333333333333 0.269132080078125 0.0155637176513672 0.297894287109375 71.436328125 72.0189182098389 0.000911563697341354 0.202318394087998 0.0434235797642609 0.7533464624504 
24.5 0.176893615722656 0.0158677551269531 0 70.8476806640625 71.0404420349121 0 0.201203447079123 0.0286197508053124 0.770176802115564 
24.6666666666667 0.242394104003906 0.0156530456542969 0.23258056640625 71.546484375 72.0371120910645 0.000711615415734499 0.202605682200354 0.0391047293180677 0.757577973065844 
24.8333333333333 0.245898742675781 0.0156418670654297 0.256475830078125 71.2177368164062 71.7357532562256 0.00078538117816933 0.201842962789518 0.0397032137212433 0.757668442311069 
25 0.17523193359375 0.0158771209716797 0 70.4345947265625 70.6257037811279 0 0.200228010001125 0.0283789271786943 0.77139306282018 
25.1666666666667 0.249614868164063 0.0156301849365234 0.320196533203125 71.9561279296875 72.5415695159912 0.000978235477339978 0.203463245600374 0.0402098582775269 0.755348660644759 
25.3333333333333 0.236563110351563 0.0156730865478516 0.191162109375 70.4139404296875 70.8573387359619 0.000586828631368924 0.200059660910856 0.0382905681968223 0.761062942260953 
25.5 0.176893615722656 0.0158677551269531 0 70.8476806640625 71.0404420349121 0 0.201203447079123 0.0286197508053124 0.770176802115564 
25.6666666666667 0.246714477539063 0.0156352203369141 0.301080322265625 72.7341064453125 73.2975364654541 0.0009180729212206 0.205269447116085 0.0396665792311504 0.754145900731544 
25.8333333333333 0.269675903320312 0.0155585815429688 0.345684814453125 72.2607788085938 72.8916981079102 0.00105535507591748 0.204179595171629 0.0434105963485687 0.751354453403885 
26 0.231396789550781 0.015686279296875 0.54481201171875 69.7857055664062 70.5776006469727 0.00167395964876215 0.198452321517723 0.0374878858183313 0.762385833015183 
26.1666666666667 0.236109924316406 0.0156727844238281 0.23258056640625 71.3433837890625 71.827747064209 0.000712066602613187 0.20215863478299 0.0381150719138497 0.759014226700547 
26.3333333333333 0.17523193359375 0.0158770202636719 0 70.4363159179688 70.6274248718262 0 0.200232902919604 0.0283789271786943 0.771388169901701 
26.5 0.240853271484375 0.0156587860107422 0.28037109375 71.5155029296875 72.0523860809326 0.000857762507005873 0.202500182761898 0.0388527426468796 0.757789312084217 
26.6666666666667 0.265506591796875 0.01557509765625 0.288336181640625 71.2332275390625 71.8026454101563 0.000882879455248743 0.201872094668091 0.042865992556497 0.754379033320163 oE-wB-
26.8333333333333 0.210066833496094 0.0157608032226563 0.122662353515625 71.1213500976563 71.4698400878906 0.000375882958833494 0.201712464181283 0.0339417430229777 0.763969909836906 
27 0.2363818359375 0.0156697631835938 0.278778076171875 71.50517578125 72.036005456543 0.000853080106659387 0.202516342577472 0.0381399928828745 0.758490584432994 
27.1666666666667 0.245898742675781 0.0156405578613281 0.256475830078125 71.6824584960937 72.200473626709 0.000784397791993296 0.202905682255558 0.0396535008014499 0.756656419150999 
27.3333333333333 0.175141296386719 0.0158775238037109 0 70.4879516601563 70.6789704803467 0 0.20034832125787 0.028359808031936 0.771291870710194 
27.5 0.239312438964844 0.0156632171630859 0.216650390625 71.0473388671875 71.5189649139404 0.000663848564427479 0.201487801782629 0.0386642976384564 0.759184052014487 
27.6666666666667 0.245747680664063 0.0156419677734375 0.256475830078125 71.3141235351563 71.8319890136719 0.00078518200616441 0.202064882369006 0.0396687604853498 0.75748117513948 
27.8333333333333 0.175443420410156 0.0158760131835937 0 70.4879516601563 70.67927109375 0 0.200353222050449 0.0284094244731023 0.771237353476449 
28 0.29849853515625 0.0154630096435547 0.823590087890625 70.3777954101563 71.5153470428467 0.00252405665213422 0.199625053093068 0.0482353572980389 0.749615532956759 
28.1666666666667 0.241910705566406 0.0156522399902344 0.237359619140625 70.6600708007813 71.1549933654785 0.000728139920148951 0.200619651958892 0.0391289687290782 0.759523239391881 
28.3333333333333 0.173056640625 0.0158806457519531 0 70.4363159179688 70.6252532043457 0 0.200268179171091 0.0280315746717497 0.771700246157159 
28.5 0.247228088378906 0.015634716796875 0.26444091796875 71.0903686523438 71.6176723754883 0.000810151293313812 0.201576378721327 0.0399365544167887 0.75767691556857 
28.6666666666667 0.172966003417969 0.0158816528320312 0 70.438037109375 70.626884765625 0 0.200265232518877 0.0280157965049988 0.771718970976124 
28.8333333333333 0.255264587402344 0.0156119567871094 0.342498779296875 72.3261840820313 72.9395594055176 0.00104517590553554 0.204275984774461 0.0410729824459061 0.753605856874098 
29 0.248466796875 0.0156335083007813 0.259661865234375 71.0886474609375 71.6124096313476 0.000795412955959497 0.201546907405148 0.0401317555203123 0.75752592411858 
29.1666666666667 0.174869384765625 0.0158782287597656 0 70.4913940429688 70.6821416564941 0 0.200358105562867 0.0283157786594524 0.771326115777681 
29.3333333333333 0.26997802734375 0.0155561645507813 0.380731201171875 72.6721435546875 73.3384089477539 0.00116095499477813 0.205095572341097 0.0434070871687757 0.750336385495349 
29.5 0.267651672363281 0.0155647247314453 0.339312744140625 72.2986450195312 72.9211741607666 0.00103584107377328 0.204274668093177 0.0430822350824296 0.75160725575062 
29.6666666666667 0.174144287109375 0.0158754089355469 0 70.7857177734375 70.9757374694824 0 0.201077603066573 0.0281819604161777 0.770740436517249 
29.8333333333333 0.23396484375 0.0156779205322266 0.23258056640625 71.3158447265625 71.798068057251 0.00071219164784562 0.202116087238599 0.0377754254857293 0.759396295627826 
30 0.295326232910156 0.0154744903564453 0.82518310546875 70.6273681640625 71.7633519927979 0.00252702649962924 0.200181477578738 0.047686648714046 0.749604847207587 
30.1666666666667 0.172966003417969 0.0158816528320312 0 70.438037109375 70.626884765625 0 0.200265232518877 0.0280157965049988 0.771718970976124 
30.3333333333333 0.246442565917969 0.0156370330810547 0.259661865234375 71.0490600585938 71.5708015228272 0.000795626494850393 0.201488748962757 0.039815492751501 0.757900131790892 
30.5 0.268225708007813 0.0155640197753906 0.301080322265625 71.7513061523437 72.3361762023926 0.000920603994154895 0.203054067218704 0.0432440331222601 0.752781295664881 
30.6666666666667 0.172724304199219 0.0158819549560547 0 70.438037109375 70.6266433685303 0 0.200270132717379 0.0279773323415417 0.77175253494108 
30.8333333333333 0.238617553710938 0.0156616058349609 0.278778076171875 72.0697265625 72.6027837982178 0.000851747298744281 0.203796359388689 0.0384405723741848 0.756911320938382 
31 0.174325561523438 0.0158740997314453 0 70.7857177734375 70.9759174346924 0 0.201084485211788 0.0282122618215244 0.770703252966688 
31.1666666666667 0.714251403808594 0.0140816986083984 2.446875 83.4812255859375 86.6564336883545 0.00719417721281838 0.227169259880284 0.110727567375156 0.654908995531742 oB-
31.3333333333333 0.595033264160156 0.0144798980712891 1.643994140625 77.226416015625 79.4799233184815 0.00492893168271435 0.214293901879872 0.0940652223750573 0.686711944062357 
31.5 0.743617858886719 0.0139816955566406 2.97257080078125 90.6344970703125 94.3646674255371 0.008560771845796 0.241582595849907 0.11291869101853 0.636937941285767 
31.6666666666667 0.727575073242188 0.0140383941650391 2.8865478515625 89.7308715820313 93.359032901001 0.0083339465744352 0.239775737729046 0.110760541614541 0.641129774081978 
31.8333333333333 0.579504089355469 0.0145299499511719 1.95781860351562 80.7806762695313 83.3325289123535 0.00580755218054919 0.221778556948507 0.0906384527055443 0.681775438165399 
32 0.842533264160156 0.0137135101318359 3.35648803710937 83.4330322265625 87.6457670379639 0.00981648255908758 0.225839665671197 0.129925130102172 0.634418721667544 
32.1666666666667 0.596241760253906 0.014416552734375 1.93551635742188 81.3039184570312 83.8500931274414 0.00574905720193623 0.223512934195771 0.0933807768561411 0.677357231746152 
32.3333333333333 0.640291442871094 0.0143277282714844 2.48829345703125 86.4020874023438 89.5450000305176 0.0072575549195257 0.233240716648701 0.0984695015425789 0.661032226889194 
32.5 0.400586242675781 0.0151277526855469 0.99404296875 75.8442993164062 77.2540562805176 0.00299766527992621 0.211686090640943 0.0636955832476629 0.721620660831468 
32.6666666666667 0.774343872070312 0.013883203125 2.78937377929687 85.8272094726562 89.4048103271484 0.0081403241252987 0.231820252717316 0.119152774032784 0.640886649124601 
32.8333333333333 0.500438232421875 0.0147935028076172 1.60416870117187 78.988916015625 81.1083164520264 0.00478707726827599 0.218161420055334 0.0787419541923768 0.698309548484013 
33 0.686093444824219 0.0141758605957031 2.46280517578125 82.1782836914062 85.3413581726074 0.00726633515383386 0.224405673945535 0.106734285257706 0.661593705642925 
33.1666666666667 0.73935791015625 0.0139961975097656 2.63325805664062 83.9098022460938 87.2964144104004 0.00772957251208769 0.227963938013785 0.114433211443321 0.649873278030806 
33.3333333333333 0.691622314453125 0.0141551147460938 2.37837524414062 81.8925659179688 84.9767185913086 0.00702522115565594 0.223880105401845 0.107716920760399 0.661377752682101 
33.5 0.637119140625 0.0143395111083984 2.01038818359375 79.1627563476563 81.8246031829834 0.00598870592701561 0.218255587718882 0.100071181132255 0.675684525221848 
33.6666666666667 0.705580444335938 0.0141105010986328 2.44846801757812 84.3160034179687 87.4841623809814 0.00718254506030627 0.228920842465337 0.109135430929338 0.654761181545018 
33.8333333333333 0.479501037597656 0.0148607757568359 1.59142456054687 81.6584838867188 83.7442702606201 0.00471502199399649 0.223918707168344 0.0749070210878061 0.696459249749854 
34 0.670866394042969 0.0142814025878906 2.60936279296875 79.5723999023438 82.8669104919434 0.00773064506994393 0.218190141775689 0.104797908289441 0.669281304864926 
34.1666666666667 0.569443359375 0.0145080963134766 1.71567993164062 77.8546508789063 80.1542822662354 0.0051477160296149 0.216199293563204 0.0900874203585716 0.688565570048609 
34.3333333333333 0.467234802246094 0.0149042816162109 1.32220458984375 77.116259765625 78.9206034393311 0.00396950653772944 0.214276832429434 0.0739619501276938 0.707791710905143 
34.5 0.738904724121094 0.0139968017578125 2.74158325195312 84.7463012695313 88.2407860473633 0.00802708967858992 0.229651257701762 0.114072360412129 0.64824929220752 
34.6666666666667 0.645155639648438 0.0143122192382813 2.357666015625 85.7549194335938 88.7720533081055 0.00689099654053349 0.231979811242568 0.0994259054909137 0.661703286725985 
34.8333333333333 0.646243286132813 0.0143068817138672 2.332177734375 85.0784912109375 88.0712191131592 0.00683004660667049 0.230607379622761 0.0997914596425422 0.662771114128026 
35 0.674522094726562 0.0142464569091797 2.44528198242187 84.3917358398438 87.5257863739014 0.00716101793753353 0.228737374915444 0.104154323435423 0.6599472837116 
35.1666666666667 0.762742309570313 0.0138888427734375 2.6826416015625 82.9080688476563 86.3673416015625 0.00790569501105577 0.226133861631559 0.118519700860519 0.647440742496866 
35.3333333333333 0.804767761230469 0.0137795745849609 3.1286865234375 90.0974853515625 94.0447192108154 0.00901852379071882 0.240368455371165 0.122314876890722 0.628298143947395 
35.5 0.73017333984375 0.0140290283203125 2.689013671875 84.64130859375 88.0745246337891 0.0078754852194685 0.229434159450582 0.112757539564049 0.6499328157659 oE-
35.6666666666667 0.173479614257812 0.0158803436279297 0 70.4139404296875 70.6033003875732 0 0.200206519558185 0.0281003626326839 0.771693117809131 
35.8333333333333 0.240460510253906 0.0156598937988281 0.215057373046875 70.555078125 71.0262559020996 0.000659875650099714 0.200367575176944 0.0389033355492121 0.760069213623744 
36 0.311882629394531 0.015418798828125 0.90802001953125 71.897607421875 73.1329288696289 0.00277009656459428 0.203004339817951 0.0501679067303627 0.744057656887092 
36.1666666666667 0.17378173828125 0.0158771209716797 0 70.7857177734375 70.9753766326904 0 0.201072687536974 0.0281226012428312 0.770804711220194 
36.3333333333333 0.269101867675781 0.0155614013671875 0.32178955078125 71.7375366210938 72.343989440918 0.00098388762249888 0.203007189198667 0.0433835992752353 0.752625323903598 
36.5 0.243783874511719 0.0156454925537109 0.237359619140625 70.6617919921875 71.1585809783936 0.000728154153655187 0.200628460564833 0.039432723931837 0.759210661349675 
36.6666666666667 0.172996215820313 0.0158817535400391 0 70.4363159179688 70.6251938873291 0 0.20025935894299 0.0280205529728407 0.771720088084169 
36.8333333333333 0.233692932128906 0.0156820495605469 0.189569091796875 70.5981079101562 71.0370519836426 0.00058165395011462 0.200484874553373 0.0378075067574503 0.761125964739062 
37 0.242212829589844 0.0156528442382812 0.281964111328125 72.7427124023438 73.2825421875 0.000859703232387012 0.205274789324137 0.0389392136386818 0.754926293804794 
37.1666666666667 0.173811950683594 0.0158766174316406 0 70.7857177734375 70.9754063415527 0 0.201076619941426 0.0281280405223709 0.770795339536203 
37.3333333333333 0.238224792480469 0.0156622100830078 0.211871337890625 71.4053466796875 71.8711050201416 0.000648701377880746 0.202346055359103 0.0384587245457871 0.75854651871723 
37.5 0.173751525878906 0.0158772216796875 0 70.7857177734375 70.9753465209961 0 0.201072687536974 0.0281177120562452 0.77080960040678 
37.6666666666667 0.251427612304688 0.0156242431640625 0.345684814453125 72.6566528320313 73.2693895019531 0.0010539301394879 0.205020981466371 0.0404184636904068 0.753506624703734 
37.8333333333333 0.243814086914062 0.0156462982177734 0.2102783203125 71.5068969726562 71.9766356781006 0.000643557115694018 0.202549851299303 0.0393447418458388 0.757461849739164 
38 0.22985595703125 0.0156923217773438 0.546405029296875 69.295166015625 70.0871193237305 0.00168111708514883 0.19732295582534 0.0372884512647588 0.763707475824752 
38.1666666666667 0.255204162597656 0.0156114532470703 0.3249755859375 72.2297973632812 72.8255885650635 0.000992058667626305 0.204077166602637 0.0410780370854873 0.75385273764425 
38.3333333333333 0.252394409179688 0.0156180999755859 0.34090576171875 73.2039916992188 73.8129099700928 0.00103791795598064 0.206278918625292 0.0405176009544965 0.752165562464231 
38.5 0.174385986328125 0.0158744018554688 0 70.7857177734375 70.9759781616211 0 0.201079569345707 0.0282213508307012 0.770699079823592 
38.6666666666667 0.243663024902344 0.0156485137939453 0.21346435546875 71.2745361328125 71.7473120269775 0.000653677668614691 0.202005912368167 0.0393426149058021 0.757997795057416 
38.8333333333333 0.241276245117188 0.0156571746826172 0.2612548828125 71.2125732421875 71.7307615447998 0.000800019512671041 0.201829312910071 0.0389570477328715 0.758413619844386 
39 0.175654907226563 0.0158752075195313 0 70.4913940429688 70.6829241577149 0 0.200362026369218 0.0284435312247743 0.771194442406008 
39.1666666666667 0.244992370605469 0.0156447875976563 0.23258056640625 71.2056884765625 71.6989062011719 0.00071228893561591 0.201831460728974 0.039561308074722 0.757894942260688 
39.3333333333333 0.252394409179688 0.0156205169677734 0.344091796875 73.3916015625 74.0037082855225 0.00104693263279323 0.206672256769922 0.0404910889553454 0.751789721641939 
39.5 0.175443420410156 0.0158761138916016 0 70.4913940429688 70.6827135772705 0 0.200360065946861 0.028409007519312 0.771230926533827 
39.6666666666667 0.250551452636719 0.0156240417480469 0.30267333984375 71.6600830078125 72.228931842041 0.00092565977618521 0.202836416429974 0.040402613283705 0.755835310510136 
39.8333333333333 0.173358764648438 0.0158799407958984 0 70.424267578125 70.6135062835694 0 0.20023784238782 0.0280810621669105 0.771681095445269 
40 0.298951721191406 0.0154627075195313 0.785357666015625 69.7616088867188 70.8613809814453 0.00241124137357612 0.198235343027208 0.0483960109361779 0.750957404663038 
40.1666666666667 0.30913330078125 0.0154307830810547 0.3249755859375 72.1781616210938 72.8277012908936 0.00099224685545298 0.203969960212847 0.0497679893382103 0.74526980359349 wE-oB-
40.3333333333333 0.276926879882813 0.0155368286132813 0.4141845703125 71.8408081054688 72.5474563842774 0.00126557016369663 0.203167819471284 0.044616215847859 0.750950394517161 
40.5 0.255536499023438 0.0156069213867188 0.3632080078125 72.7736938476563 73.4080452758789 0.00110712395418061 0.205308368011887 0.0410704140546473 0.752514093979285 
40.6666666666667 0.247862548828125 0.0156334075927734 0.256475830078125 71.4879638671875 72.0079356536865 0.000784852827907612 0.202472530151023 0.0399933701872922 0.756749246833777 
40.8333333333333 0.1764404296875 0.0158739990234375 0 70.4879516601563 70.6802660888672 0 0.200340480488413 0.0285690524760661 0.771090467035521 
41 0.246442565917969 0.0156407592773438 0.23895263671875 70.713427734375 71.2144636962891 0.000732783257368136 0.200704448971417 0.0398487535356792 0.758714014235536 
41.1666666666667 0.236230773925781 0.0156728851318359 0.191162109375 70.479345703125 70.9224114715576 0.000586756896838358 0.200221011764476 0.038232101469826 0.76096012986886 
41.3333333333333 0.175141296386719 0.0158732940673828 0 70.7874389648437 70.9784535552978 0 0.201069712184843 0.0283415061039107 0.770588781711246 
41.5 0.242756652832031 0.0156518371582031 0.2548828125 71.7375366210938 72.250827923584 0.000779377666932954 0.203023011125616 0.0391393722112893 0.757058238996162 
41.6666666666667 0.176108093261719 0.0158746032714844 0 70.4913940429688 70.683376739502 0 0.20035320477071 0.0285156593971059 0.771131135832184 
41.8333333333333 0.242514953613281 0.0156542541503906 0.234173583984375 71.0869262695313 71.5792690612793 0.000717363615512622 0.201549895811475 0.0391719574266654 0.758560783146347 
42 0.299132995605469 0.0154637145996094 0.884124755859375 71.2934692382813 72.4921907043457 0.00270168965131166 0.201633670354919 0.0481971697975437 0.747467470196225 
42.1666666666667 0.175111083984375 0.0158779266357422 0 70.424267578125 70.6152565887451 0 0.200200611620795 0.0283596330275229 0.771439755351682 
42.3333333333333 0.240732421875 0.0156567718505859 0.216650390625 70.6290893554688 71.1021289398193 0.000664692140015444 0.200556190923042 0.0389431394973754 0.759835977439567 
42.5 0.251941223144531 0.0156184020996094 0.275592041015625 71.9561279296875 72.4992795959473 0.000842242604817822 0.203530603104126 0.0405980409339643 0.755029113357091 
42.6666666666667 0.175080871582031 0.01587802734375 0 70.4259887695312 70.616947668457 0 0.20020452499315 0.0283546013230516 0.771440873683798 
42.8333333333333 0.240702209472656 0.0156611022949219 0.2548828125 71.333056640625 71.8443027648926 0.00078017953881637 0.20208600504191 0.0388480649109376 0.758285750508336 
43 0.256231384277344 0.0156072235107422 0.320196533203125 71.6652465820312 72.2572817230225 0.000979083655635333 0.202816448605415 0.041311484992255 0.754892982746695 
43.1666666666667 0.176742553710938 0.0158685607910156 0 70.8597290039063 71.0523401184082 0 0.201227827498057 0.0285939126737019 0.770178259828241 
43.3333333333333 0.273603515625 0.0155494171142578 0.409405517578125 73.3038208007813 74.0023792510986 0.00124574048850477 0.206439072626186 0.0438965986922148 0.748418588193095 
43.5 0.242152404785156 0.0156538513183594 0.218243408203125 70.4500854492188 70.9261351135254 0.000669857863006733 0.20013103788853 0.0391891297226202 0.760009974525843 
43.6666666666667 0.174869384765625 0.0158744018554688 0 70.7857177734375 70.9764615600586 0 0.201063840189301 0.0282973667999726 0.770638793010726 
43.8333333333333 0.24145751953125 0.0156525421142578 0.234173583984375 71.4587036132812 71.9499872589111 0.00071678995128754 0.202441961956495 0.0389699679638777 0.757871280128339 
44 0.231578063964844 0.0156853729248047 0.54481201171875 69.8235717773437 70.6156472259521 0.00167380398874342 0.198541539214487 0.0375137648354337 0.762270891961336 
44.1666666666667 0.24290771484375 0.0156513336181641 0.2357666015625 71.4328857421875 71.9272113922119 0.000721588665207237 0.202347113401559 0.0391998166774742 0.757731481255759 
44.3333333333333 0.316082153320313 0.0154102386474609 0.559149169921875 72.5155151367188 73.4061566986084 0.00170418958745017 0.20455615814491 0.0507955312361929 0.742944121031447 
44.5 0.17668212890625 0.0158728912353516 0 70.4913940429688 70.6839490631103 0 0.200351244520977 0.028608328115216 0.771040427363807 
44.6666666666667 0.246351928710938 0.0156410614013672 0.237359619140625 70.7117065429688 71.2110591522217 0.000727905147608416 0.200701524692594 0.0398344870711344 0.758736083088663 
44.8333333333333 0.235626525878906 0.0156745971679688 0.192755126953125 70.5998291015625 71.0438853515625 0.000591449883176428 0.200496622381246 0.0381216333792807 0.760790294356297 
45 0.175171508789063 0.0158730926513672 0 70.7857177734375 70.9767623748779 0 0.201066789218682 0.0283466722727695 0.770586538508549 
45.1666666666667 0.241850280761719 0.0156557647705078 0.25806884765625 71.766796875 72.2823717681885 0.000789012273524255 0.203078121955971 0.0389879212935905 0.757144944476914 
45.3333333333333 0.2431494140625 0.0156518371582031 0.23258056640625 71.0834838867188 71.5748657043457 0.000712504453152832 0.201546037059992 0.039275587938178 0.758465870548677 
45.5 0.1764404296875 0.0158735961914062 0 70.4913940429688 70.6837080688477 0 0.200352224641049 0.0285693319961842 0.771078443362767 
45.6666666666667 0.250914001464844 0.0156256530761719 0.317010498046875 71.9888305664062 72.5723807189941 0.000968431092964518 0.203540856599201 0.0404161820455795 0.755074530262255 
45.8333333333333 0.237257995605469 0.0156702667236328 0.189569091796875 70.4363159179688 70.8788132720947 0.000581918472732963 0.200116383694547 0.0384017291291761 0.760899968703544 
46 0.231638488769531 0.0156854736328125 0.54481201171875 69.790869140625 70.5830051147461 0.00167393506893969 0.198464091156043 0.0375264917355574 0.76233548203946 
46.1666666666667 0.247802124023438 0.0156327026367187 0.301080322265625 72.1643920898437 72.7289072387695 0.000919502203886235 0.203978671440943 0.0399034765940471 0.755198349761124 
46.3333333333333 0.177044677734375 0.0158671508789062 0 70.8562866210937 71.049198449707 0 0.201223953114384 0.0286436311912525 0.770132415694364 
46.5 0.271518859863281 0.0155529418945313 0.34090576171875 72.3124145507813 72.9403921142578 0.00104060296620472 0.204293702893265 0.0437004619499149 0.750965232190615 
46.6666666666667 0.2383154296875 0.01566533203125 0.234173583984375 71.8735107421875 72.3616650878906 0.00071586841656724 0.203355328836836 0.0384134018359346 0.757515400910662 
46.8333333333333 0.1764404296875 0.0158739990234375 0 70.4879516601563 70.6802660888672 0 0.200340480488413 0.0285690524760661 0.771090467035521 
47 0.242152404785156 0.0156509307861328 0.27718505859375 71.7272094726563 72.2621978668213 0.000847659922736285 0.20301455149534 0.0390459441421341 0.757091844439789 
47.1666666666667 0.253089294433594 0.0156139709472656 0.339312744140625 73.2263671875 73.8343831970215 0.00103309793574422 0.206347974546019 0.0406303352475555 0.751988592270681 
47.3333333333333 0.175141296386719 0.0158732940673828 0 70.7874389648437 70.9784535552978 0 0.201069712184843 0.0283415061039107 0.770588781711246 
47.5 0.244780883789063 0.0156458953857422 0.211871337890625 71.277978515625 71.7502766326904 0.000648761499663424 0.202003843789938 0.0395207945133313 0.757826600197067 
47.6666666666667 0.242001342773438 0.0156553619384766 0.25806884765625 71.2280639648438 71.7437895172119 0.000790213064856006 0.201860415203309 0.0390716459845469 0.758277725747288 
47.8333333333333 0.1764404296875 0.0158739990234375 0 70.4879516601563 70.6802660888672 0 0.200340480488413 0.0285690524760661 0.771090467035521 
48 0.309465637207031 0.0154310852050781 0.86978759765625 70.9044799804688 72.0991643005371 0.00266068905024122 0.200745577700892 0.0499147215048 0.746679011744067 
48.1666666666667 0.211275329589844 0.0157600982666016 0.113104248046875 70.589501953125 70.9296416290283 0.000347071159364322 0.200480033631684 0.0341840650342916 0.76498883017466 
48.3333333333333 0.211456604003906 0.0157551635742188 0.125848388671875 70.6067138671875 70.9597740234375 0.000386224968710889 0.200553426157697 0.0342175766583229 0.764842772215269 
48.5 0.236079711914063 0.0156718780517578 0.192755126953125 70.5774536132812 71.0219603302002 0.000591522167415439 0.20045757417248 0.0381996216213574 0.760751282038747 
48.6666666666667 0.174839172363281 0.0158744018554688 0 70.7857177734375 70.9764313476563 0 0.201064823189483 0.0282926161503073 0.77064256066021 
48.8333333333333 0.24290771484375 0.0156532470703125 0.256475830078125 71.6600830078125 72.1751197998047 0.00078434429304272 0.202828511158637 0.039168497615301 0.757218646933019 
49 0.242696228027344 0.0156531463623047 0.234173583984375 71.098974609375 71.591497567749 0.000717356614076782 0.201582088532542 0.0392008549719645 0.758499699881417 
49.1666666666667 0.176108093261719 0.0158746032714844 0 70.4913940429688 70.683376739502 0 0.20035320477071 0.0285156593971059 0.771131135832184 
49.3333333333333 0.250914001464844 0.0156262573242188 0.320196533203125 71.9853881835938 72.572124975586 0.000978135508265488 0.203525180906406 0.0404150019708701 0.755081681614459 
49.5 0.236835021972656 0.0156704681396484 0.191162109375 70.5017211914063 70.9453887908936 0.00058673107670042 0.200275763606049 0.0383282075854549 0.760809297731795 
49.6666666666667 0.174839172363281 0.0158744018554688 0 70.7857177734375 70.9764313476563 0 0.201064823189483 0.0282926161503073 0.77064256066021 
49.8333333333333 0.243209838867188 0.015650830078125 0.256475830078125 71.7031127929688 72.2184492919922 0.000784302263272245 0.202939428482351 0.0392151131636123 0.757061156090765 
50 0.305809936523438 0.0154427673339844 0.86978759765625 71.1988037109375 72.3898440124512 0.0026585384855095 0.20141593954503 0.0492852134621377 0.746640308507323 
50.1666666666667 0.176319580078125 0.0158738983154297 0 70.4913940429688 70.6835875213623 0 0.20035320477071 0.0285499036269531 0.771096891602336 
50.3333333333333 0.238496704101562 0.0156655334472656 0.278778076171875 71.4690307617188 72.0019710754395 0.000853050997825939 0.202407066187008 0.0384799118676455 0.75825997094752 
50.5 0.175443420410156 0.015876416015625 0 70.4225463867188 70.6138662231445 0 0.200200616528845 0.0284141508049127 0.771385232666243 
50.6666666666667 0.246865539550781 0.0156401550292969 0.2548828125 71.704833984375 72.2222224914551 0.000779373870516774 0.202929471535805 0.0398016493499535 0.756489505243725 
50.8333333333333 0.240339660644531 0.0156584838867188 0.211871337890625 70.6841674804687 71.1520369628906 0.000649924989860193 0.200680222245027 0.0388733330401341 0.759796519724979 
51 0.175171508789063 0.0158730926513672 0 70.7857177734375 70.9767623748779 0 0.201066789218682 0.0283466722727695 0.770586538508549 
51.1666666666667 0.25160888671875 0.0156237396240234 0.28037109375 71.656640625 72.2042443450928 0.000857386432834003 0.202810863475825 0.0405699671172817 0.755761782974059 
51.3333333333333 0.240823059082031 0.0156582824707031 0.25806884765625 71.0232421875 71.537792376709 0.000790710614557861 0.201406683945158 0.0389058907940785 0.758896714646206 
51.5 0.1754736328125 0.015876416015625 0 70.4225463867188 70.6138964355469 0 0.20019963693479 0.0284189048348347 0.771381458230375 
51.6666666666667 0.254569702148437 0.0156106475830078 0.32178955078125 72.1557861328125 72.7477560333252 0.000982686236068477 0.203941447467637 0.0409906644807573 0.754085201815537 
51.8333333333333 0.271216735839844 0.0155544525146484 0.3249755859375 71.8494140625 72.461160836792 0.000993300093487068 0.203256466188844 0.0437100732315363 0.752040160486133 
52 0.231759338378906 0.0156894012451172 0.547998046875 69.5550659179688 70.3505127044678 0.00168448268263661 0.197882644441942 0.0375629844723995 0.762869888403022 
52.1666666666667 0.256473083496094 0.0156077270507813 0.339312744140625 72.097265625 72.7086591796875 0.00103614340613903 0.203765140827942 0.0412949360315221 0.753903779734397 
52.3333333333333 0.245505981445312 0.0156431762695313 0.278778076171875 72.0404663085938 72.5803935424805 0.000851631238807132 0.203685860001557 0.0395448882659815 0.755917620493654 
52.5 0.175171508789063 0.0158730926513672 0 70.7857177734375 70.9767623748779 0 0.201066789218682 0.0283466722727695 0.770586538508549 
52.6666666666667 0.250914001464844 0.0156230346679688 0.348870849609375 72.8236083984375 73.4390162841797 0.00106328228930989 0.205422254158453 0.0403221890991717 0.753192274453065 
52.8333333333333 0.175443420410156 0.0158763153076172 0 70.424267578125 70.6155873138428 0 0.200205509614914 0.0284141508049127 0.771380339580173 
53 0.250007629394531 0.0156246459960938 0.281964111328125 71.6170532226563 72.164649609375 0.000862535268920954 0.202764011325039 0.0403247420922084 0.756048711313831 
53.1666666666667 0.256473083496094 0.015605712890625 0.34727783203125 72.5069091796875 73.1262658081055 0.00105931688638583 0.204700840164631 0.0412501882960062 0.752989654652977 
53.3333333333333 0.1764404296875 0.0158739990234375 0 70.4879516601563 70.6802660888672 0 0.200340480488413 0.0285690524760661 0.771090467035521 
