0 0.202725219726563 0.0157954467773437 0.868194580078125 34.6906127929688 35.7773280395508 0.002957873370456 0.109387041800992 0.0364171198454308 0.851237964983121 
0.166666666666667 0.120396423339844 0.0160711853027344 0 35.4926879882812 35.6291555969238 0 0.111956262080049 0.0216355028557778 0.866408235064174 
0.333333333333333 0.187135620117188 0.0158502319335938 0.33453369140625 38.2500366210938 38.7875561645508 0.00112894121441819 0.119468860038169 0.0332983899147918 0.846103808832621 
0.5 0.233995056152344 0.0156937316894531 0.256475830078125 36.97119140625 37.4773560241699 0.000869236583522298 0.115970197602851 0.0418151387539143 0.841345427059713 
0.666666666666667 0.113568420410156 0.0160969665527344 0 35.188037109375 35.3177024963379 0 0.111083943251775 0.0204247966485729 0.868491260099652 
0.833333333333333 0.113810119628906 0.0160956573486328 0 35.2035278320313 35.3334336090088 0 0.111130430057866 0.0204678203700182 0.868401749572115 
1 0.11384033203125 0.0160956573486328 0 35.201806640625 35.3317426300049 0 0.111124996604091 0.0204732538237931 0.868401749572115 
1.16666666666667 0.113568420410156 0.0160968658447266 0 35.188037109375 35.3177023956299 0 0.111084546837644 0.0204249076287764 0.86849054553358 
1.33333333333333 0.114021606445313 0.0160949523925781 0 35.1914794921875 35.3215960510254 0 0.111096621349939 0.0205066344993969 0.868396744150665 
1.5 0.114051818847656 0.0160949523925781 0 35.1897583007812 35.3199050720215 0 0.111091187689499 0.0205120681598366 0.868396744150665 
1.66666666666667 0.1135986328125 0.0160968658447266 0 35.1863159179688 35.316011416626 0 0.111079113236253 0.0204303412301674 0.86849054553358 
1.83333333333333 0.114021606445313 0.0160949523925781 0 35.1914794921875 35.3215960510254 0 0.111096621349939 0.0205066344993969 0.868396744150665 
2 0.199613342285156 0.0158082366943359 0.8729736328125 35.0382934570313 36.1266886688232 0.002970463403132 0.110346210761967 0.0358135980008998 0.850869727834001 
2.16666666666667 0.114444580078125 0.0160912261962891 0 35.339501953125 35.4700377593994 0 0.111525738589144 0.0205756622723396 0.867898599138516 
2.33333333333333 0.114293518066406 0.0160917297363281 0 35.3429443359375 35.4733295837402 0 0.111535390515092 0.0205482800388913 0.867916329446017 
2.5 0.314752807617187 0.015425244140625 0.59578857421875 39.3980712890625 40.3240379150391 0.002001605565962 0.122504682900723 0.0557559539737758 0.81973775755954 
2.66666666666667 0.114414367675781 0.0160941467285156 0 35.13984375 35.2703522644043 0 0.110948682973486 0.0205800677126073 0.868471249313907 
2.83333333333333 0.114233093261719 0.0160942474365234 0 35.1794311523438 35.309758493042 0 0.111062810070043 0.020545451581527 0.86839173834843 
3 0.114263305664062 0.0160942474365234 0 35.1777099609375 35.3080675140381 0 0.111057376202922 0.0205508854486472 0.86839173834843 
3.16666666666667 0.113810119628906 0.0160961608886719 0 35.174267578125 35.3041738586426 0 0.111045301657855 0.0204691549885075 0.868485543353638 
3.33333333333333 0.114233093261719 0.0160942474365234 0 35.1794311523438 35.309758493042 0 0.111062810070043 0.020545451581527 0.86839173834843 
3.5 0.114233093261719 0.0160942474365234 0 35.1777099609375 35.3080373016357 0 0.111057979677227 0.0205455632233875 0.868396457099386 
3.66666666666667 0.113991394042969 0.016095556640625 0 35.1639404296875 35.2940273803711 0 0.111016318257647 0.0205024262744054 0.868481255467948 
3.83333333333333 0.114444580078125 0.0160935424804688 0 35.1673828125 35.2979209350586 0 0.111028996217885 0.0205842716167456 0.86838673216537 
4 0.200036315917969 0.0158069274902344 0.8729736328125 35.0141967773438 36.1030136535645 0.0029706727381146 0.110278093999024 0.0358920149617824 0.850859218301079 
4.16666666666667 0.114656066894531 0.0160905212402344 0 35.339501953125 35.4702485412598 0 0.111525738589144 0.0206136848794955 0.867860576531361 
4.33333333333333 0.114505004882813 0.0160910247802734 0 35.3429443359375 35.4735403656006 0 0.111535390515092 0.0205863022329891 0.867878307251919 
4.5 0.114505004882813 0.0160909240722656 0 35.3446655273438 35.4752614562988 0 0.111540822257106 0.0205863022329891 0.867872875509905 
4.66666666666667 0.313453674316406 0.0154289703369141 0.3632080078125 36.6235107421875 37.3156013946533 0.00123185978410036 0.114962774061787 0.0560550230703565 0.827750343083756 
4.83333333333333 0.115864562988281 0.0160889099121094 0 35.201806640625 35.3337601135254 0 0.111124996604091 0.0208372952267109 0.868037708169198 
5 0.115199890136719 0.0160908233642578 0 35.2035278320313 35.3348185455322 0 0.111131637715099 0.0207179843840842 0.868150377900817 
5.16666666666667 0.114958190917969 0.0160919311523438 0 35.2052490234375 35.3362991455078 0 0.111134655821611 0.0206740669502899 0.868191277228099 
5.33333333333333 0.115260314941406 0.0160909240722656 0 35.201806640625 35.3331578796387 0 0.111124996604091 0.020728626151213 0.868146377244696 
5.5 0.115199890136719 0.0160908233642578 0 35.2035278320313 35.3348185455322 0 0.111131637715099 0.0207179843840842 0.868150377900817 
5.66666666666667 0.114958190917969 0.0160919311523438 0 35.2052490234375 35.3362991455078 0 0.111134655821611 0.0206740669502899 0.868191277228099 
5.83333333333333 0.115260314941406 0.0160909240722656 0 35.201806640625 35.3331578796387 0 0.111124996604091 0.020728626151213 0.868146377244696 
6 0.200338439941406 0.015805517578125 0.868194580078125 35.1243530273438 36.2086915649414 0.00295349732017537 0.110590862041869 0.0359351206056566 0.850520520032299 
6.16666666666667 0.114656066894531 0.0160905212402344 0 35.339501953125 35.4702485412598 0 0.111525738589144 0.0206136848794955 0.867860576531361 
6.33333333333333 1.23348175048828 0.0123665405273438 2.59024658203125 48.5135009765625 52.3495958496094 0.00840592447075245 0.145713030216869 0.211063147827436 0.634817897484943 
6.5 0.116136474609375 0.0160854858398438 0 35.2964721679688 35.428694128418 0 0.111405677033818 0.0208827923400788 0.867711530626104 
6.66666666666667 0.115018615722656 0.0160892120361328 0 35.2947509765625 35.4258588043213 0 0.11140084965829 0.0206818996707846 0.867917250670926 
6.83333333333333 0.11529052734375 0.0160883056640625 0 35.298193359375 35.4295721923828 0 0.111410504356896 0.0207305678089485 0.867858927834155 
7 0.115320739746094 0.0160882049560547 0 35.2964721679688 35.4278811126709 0 0.111405677033818 0.0207361129974195 0.867858209968763 
7.16666666666667 0.115048828125 0.0160892120361328 0 35.2947509765625 35.4258890167236 0 0.111400244465571 0.0206872198831998 0.867912535651229 
7.33333333333333 0.115320739746094 0.0160883056640625 0 35.298193359375 35.4296024047852 0 0.111409899118304 0.0207358876991694 0.867854213182527 
7.5 0.115320739746094 0.0160882049560547 0 35.2964721679688 35.4278811126709 0 0.111405677033818 0.0207361129974195 0.867858209968763 
7.66666666666667 0.115048828125 0.0160892120361328 0 35.2947509765625 35.4258890167236 0 0.111400244465571 0.0206872198831998 0.867912535651229 
7.83333333333333 0.11529052734375 0.0160883056640625 0 35.298193359375 35.4295721923828 0 0.111410504356896 0.0207305678089485 0.867858927834155 
8 0.460255737304687 0.0150123413085938 1.50699462890625 38.492724609375 40.4749873168945 0.00504232138669168 0.119203462465088 0.0811994968338912 0.79455471931433 
8.16666666666667 1.23873870849609 0.0122781188964844 2.11712036132812 42.45146484375 45.8196020324707 0.0070350215973575 0.13055814347421 0.217037562462946 0.645369272465487 
8.33333333333333 0.11625732421875 0.016085888671875 0 35.4427734375 35.5751166503906 0 0.111810955214804 0.020893966378524 0.867295078406672 
8.5 0.115411376953125 0.0160888092041016 0 35.3980224609375 35.5295226470947 0 0.111684940508192 0.0207447472887919 0.867570312203016 
8.66666666666667 0.114897766113281 0.01609072265625 0 35.3963012695312 35.5272897583008 0 0.111678903466852 0.020652315579112 0.867668780954036 
8.83333333333333 0.115381164550781 0.0160888092041016 0 35.394580078125 35.5260500518799 0 0.111675898772673 0.0207396546106224 0.867584446616705 
9 0.115441589355469 0.0160887084960937 0 35.3980224609375 35.5295527587891 0 0.111684940508192 0.0207501778509093 0.867564881640899 
9.16666666666667 0.114958190917969 0.0160905212402344 0 35.3997436523438 35.530792364502 0 0.11168855147546 0.0206629522226929 0.867648496301847 
9.33333333333333 0.115381164550781 0.0160888092041016 0 35.394580078125 35.5260500518799 0 0.111675898772673 0.0207396546106224 0.867584446616705 
9.5 0.115411376953125 0.0160887084960937 0 35.3980224609375 35.5295225463867 0 0.111685547023493 0.0207448599450424 0.867569593031465 
9.66666666666667 0.114958190917969 0.0160905212402344 0 35.3997436523438 35.530792364502 0 0.11168855147546 0.0206629522226929 0.867648496301847 
9.83333333333333 0.115381164550781 0.0160888092041016 0 35.394580078125 35.5260500518799 0 0.111675898772673 0.0207396546106224 0.867584446616705 
10 0.200066528320313 0.0158057189941406 0.868194580078125 34.9935424804687 36.0776093078613 0.00295482639717204 0.110228578864045 0.0359024961505931 0.850914098588189 
10.1666666666667 0.51119384765625 0.0147703399658203 0.8347412109375 39.1863647460938 40.5470701446533 0.00280399837325285 0.121829448404289 0.0905413215180119 0.784825231704446 
10.3333333333333 1.70703094482422 0.0107921722412109 3.01876831054688 45.528955078125 50.2655465057373 0.00986922624224654 0.137762940664858 0.294259183067637 0.558108650025259 
10.5 0.246472778320313 0.0156538513183594 0.21346435546875 36.0451904296875 36.5207814147949 0.00072561081268411 0.113401057009184 0.0441756194766938 0.841697712701438 
10.6666666666667 0.116045837402344 0.016085888671875 0 35.2947509765625 35.4268827026367 0 0.111400244465571 0.0208664946353389 0.86773326089909 
10.8333333333333 0.186531372070313 0.0158513397216797 0.17523193359375 36.8524291992187 37.2300438446045 0.00059429262969086 0.115676359039191 0.033356024506467 0.850373323824651 
11 0.115169677734375 0.0160892120361328 0 35.3498291015625 35.481087991333 0 0.11155227009793 0.0207049008478581 0.867742829054212 
11.1666666666667 0.114172668457031 0.0160944488525391 0 35.353271484375 35.4835386016846 0 0.111550409488845 0.0205233202267938 0.867926270284361 
11.3333333333333 0.114535217285156 0.0160929382324219 0 35.353271484375 35.4838996398926 0 0.111552226971308 0.0205888263119878 0.867858946716704 
11.5 0.114595642089844 0.0160927368164063 0 35.3498291015625 35.4805174804688 0 0.111542576591157 0.020599912017249 0.867857511391594 
11.6666666666667 0.114172668457031 0.0160944488525391 0 35.353271484375 35.4835386016846 0 0.111550409488845 0.0205233202267938 0.867926270284361 
11.8333333333333 0.114535217285156 0.0160929382324219 0 35.353271484375 35.4838996398926 0 0.111552226971308 0.0205888263119878 0.867858946716704 
12 0.201667785644531 0.0158028991699219 0.871380615234375 34.7456909179688 35.8345422180176 0.0029675522305468 0.109517325188388 0.0362128174385738 0.851302305142491 
12.1666666666667 0.115109252929687 0.0160909240722656 0 35.339501953125 35.470702130127 0 0.111514229850098 0.020693026287204 0.867792743862698 
12.3333333333333 0.114958190917969 0.0160915283203125 0 35.3429443359375 35.4739940551758 0 0.111523275201903 0.0206655333662823 0.867811191431815 
12.5 0.114958190917969 0.0160913269042969 0 35.3446655273438 35.475715045166 0 0.111529312086551 0.0206656456045448 0.867805042308904 
12.6666666666667 0.114716491699219 0.0160922332763672 0 35.339501953125 35.4703106781006 0 0.111514229850098 0.0206224201607647 0.867863349989138 
12.8333333333333 0.114958190917969 0.0160915283203125 0 35.3429443359375 35.4739940551758 0 0.111523275201903 0.0206655333662823 0.867811191431815 
13 0.578023681640625 0.0145493865966797 1.1788330078125 42.086572265625 43.8579783416748 0.00391959532826611 0.129516141846977 0.10133742948701 0.765226833337747 
13.1666666666667 0.208254089355469 0.0157798370361328 0.19434814453125 36.1966552734375 36.6150373443604 0.000660409020537638 0.113839358212349 0.0373131096603765 0.848187123106737 
13.3333333333333 0.11625732421875 0.0160875 0 35.201806640625 35.3341514648437 0 0.111125600399904 0.0209080437286736 0.867966355871422 
13.5 0.115804138183594 0.0160887084960937 0 35.2035278320313 35.3354206787109 0 0.111132241553558 0.0208267678030015 0.86804099064344 
13.6666666666667 0.115562438964844 0.0160899169921875 0 35.2052490234375 35.3369013793945 0 0.111134655821611 0.0207827348449037 0.868082609333485 
13.8333333333333 0.115864562988281 0.0160889099121094 0 35.201806640625 35.3337601135254 0 0.111124996604091 0.0208372952267109 0.868037708169198 
14 0.200942687988281 0.0158035034179687 0.868194580078125 35.1243530273438 36.2092937988281 0.00295349732017537 0.110590862041869 0.0360435058284154 0.85041213480954 
14.1666666666667 0.115260314941406 0.0160885070800781 0 35.339501953125 35.4708507751465 0 0.111525738589144 0.0207223208999408 0.867751940510915 
14.3333333333333 0.115139465332031 0.0160889099121094 0 35.3429443359375 35.4741727111816 0 0.111535390515092 0.0207003688152827 0.867764240669625 
14.5 0.115109252929687 0.0160888092041016 0 35.3446655273438 35.4758635894775 0 0.111541428121367 0.0206950494834385 0.867763522395194 
14.6666666666667 0.114867553710938 0.0160898162841797 0 35.339501953125 35.4704593231201 0 0.111525738589144 0.0206517074866513 0.867822553924205 
14.8333333333333 1.08809967041016 0.0128495361328125 2.05021362304687 44.5754150390625 47.7265778686523 0.00674556585181769 0.135739444001845 0.188765776342824 0.668749213803514 
15 0.115562438964844 0.0160875 0 35.3498291015625 35.4814790405273 0 0.111554693737881 0.02077596180482 0.867669344457299 
15.1666666666667 0.11432373046875 0.0160921325683594 0 35.353271484375 35.4836873474121 0 0.11156131527206 0.0205524837872188 0.867886200940722 
15.3333333333333 0.114686279296875 0.0160906219482422 0 35.353271484375 35.4840483856201 0 0.111563133109917 0.0206179967519594 0.867818870138123 
15.5 0.114746704101563 0.0160902191162109 0 35.3498291015625 35.4806660247803 0 0.111554693737881 0.020629307956786 0.867815998305333 
15.6666666666667 0.11432373046875 0.0160921325683594 0 35.353271484375 35.4836873474121 0 0.11156131527206 0.0205524837872188 0.867886200940722 
15.8333333333333 0.114686279296875 0.0160906219482422 0 35.353271484375 35.4840483856201 0 0.111563133109917 0.0206179967519594 0.867818870138123 
16 0.20181884765625 0.0158003814697266 0.868194580078125 34.7456909179688 35.8315047271729 0.00295705488185345 0.109530397981607 0.0362442690106074 0.851268278125933 
16.1666666666667 0.11529052734375 0.0160884063720703 0 35.339501953125 35.4708808868408 0 0.111525738589144 0.0207277527009631 0.867746508709893 
16.3333333333333 0.115139465332031 0.0160889099121094 0 35.3429443359375 35.4741727111816 0 0.111535390515092 0.0207003688152827 0.867764240669625 
16.5 0.115109252929687 0.0160888092041016 0 35.3446655273438 35.4758635894775 0 0.111541428121367 0.0206950494834385 0.867763522395194 
16.6666666666667 0.183993530273438 0.0158616119384766 0.25806884765625 37.6097534179687 38.0676774078369 0.000872826016680675 0.117729143768453 0.032811792849292 0.848586237365574 
16.8333333333333 0.116287536621094 0.0160875 0 35.201806640625 35.3341816772461 0 0.111124996604091 0.0209133635795593 0.867961639816349 
17 0.115804138183594 0.0160888092041016 0 35.2035278320313 35.335420779419 0 0.111131637715099 0.0208266546404916 0.868041707644409 
17.1666666666667 0.115562438964844 0.0160899169921875 0 35.2052490234375 35.3369013793945 0 0.111134655821611 0.0207827348449037 0.868082609333485 
17.3333333333333 0.115864562988281 0.0160889099121094 0 35.201806640625 35.3337601135254 0 0.111124996604091 0.0208372952267109 0.868037708169198 
17.5 0.115804138183594 0.0160887084960937 0 35.2035278320313 35.3354206787109 0 0.111132241553558 0.0208267678030015 0.86804099064344 
17.6666666666667 0.115562438964844 0.0160899169921875 0 35.2052490234375 35.3369013793945 0 0.111134655821611 0.0207827348449037 0.868082609333485 
17.8333333333333 0.115864562988281 0.0160889099121094 0 35.201806640625 35.3337601135254 0 0.111124996604091 0.0208372952267109 0.868037708169198 
18 0.200942687988281 0.0158035034179687 0.868194580078125 35.1243530273438 36.2092937988281 0.00295349732017537 0.110590862041869 0.0360435058284154 0.85041213480954 
18.1666666666667 0.11529052734375 0.0160884063720703 0 35.339501953125 35.4708808868408 0 0.111525738589144 0.0207277527009631 0.867746508709893 
18.3333333333333 0.115139465332031 0.0160889099121094 0 35.3429443359375 35.4741727111816 0 0.111535390515092 0.0207003688152827 0.867764240669625 
18.5 0.115109252929687 0.0160888092041016 0 35.3446655273438 35.4758635894775 0 0.111541428121367 0.0206950494834385 0.867763522395194 
18.6666666666667 0.183963317871094 0.0159626220703125 0.109918212890625 36.186328125 36.496172277832 0.000371595058324268 0.113223398640716 0.0327919175382097 0.85361308876275 
18.8333333333333 0.770144348144531 0.0138063629150391 1.22025146484375 39.5151123046875 41.5193144805908 0.00411147132704983 0.123226055778603 0.136821821929278 0.735840650965069 
19 0.115381164550781 0.0160882049560547 0 35.3498291015625 35.4812984710693 0 0.11155408781802 0.0207432593912269 0.867702652790753 
19.1666666666667 0.11432373046875 0.0160921325683594 0 35.353271484375 35.4836873474121 0 0.11156131527206 0.0205524837872188 0.867886200940722 
19.3333333333333 0.114686279296875 0.0160906219482422 0 35.353271484375 35.4840483856201 0 0.111563133109917 0.0206179967519594 0.867818870138123 
19.5 0.114776916503906 0.0160902191162109 0 35.3498291015625 35.4806962371826 0 0.11155408781802 0.0206346275012493 0.867811284680731 
19.6666666666667 0.11432373046875 0.0160921325683594 0 35.353271484375 35.4836873474121 0 0.11156131527206 0.0205524837872188 0.867886200940722 
19.8333333333333 0.114686279296875 0.0160906219482422 0 35.353271484375 35.4840483856201 0 0.111563133109917 0.0206179967519594 0.867818870138123 
20 0.20181884765625 0.0158003814697266 0.868194580078125 34.7456909179688 35.8315047271729 0.00295705488185345 0.109530397981607 0.0362442690106074 0.851268278125933 
20.1666666666667 0.11529052734375 0.0160884063720703 0 35.339501953125 35.4708808868408 0 0.111525738589144 0.0207277527009631 0.867746508709893 
20.3333333333333 0.115139465332031 0.0160889099121094 0 35.3429443359375 35.4741727111816 0 0.111535390515092 0.0207003688152827 0.867764240669625 
20.5 0.182936096191406 0.0158632232666016 0.27718505859375 37.8610473632813 38.337031741333 0.000936778236595726 0.118427073967794 0.0325988058769375 0.848037341918673 
20.6666666666667 0.11529052734375 0.0160884063720703 0 35.339501953125 35.4708808868408 0 0.111525738589144 0.0207277527009631 0.867746508709893 
20.8333333333333 0.115139465332031 0.0160889099121094 0 35.3429443359375 35.4741727111816 0 0.111535390515092 0.0207003688152827 0.867764240669625 
21 0.115109252929687 0.0160889099121094 0 35.3446655273438 35.4758636901855 0 0.111540822257106 0.0206949370732688 0.867764240669625 
21.1666666666667 0.114867553710938 0.0160898162841797 0 35.339501953125 35.4704593231201 0 0.111525738589144 0.0206517074866513 0.867822553924205 
21.3333333333333 0.115139465332031 0.0160889099121094 0 35.3429443359375 35.4741727111816 0 0.111535390515092 0.0207003688152827 0.867764240669625 
21.5 0.115109252929687 0.0160888092041016 0 35.3446655273438 35.4758635894775 0 0.111541428121367 0.0206950494834385 0.867763522395194 
21.6666666666667 0.114867553710938 0.0160898162841797 0 35.339501953125 35.4704593231201 0 0.111525738589144 0.0206517074866513 0.867822553924205 
21.8333333333333 0.115139465332031 0.0160889099121094 0 35.3429443359375 35.4741727111816 0 0.111535390515092 0.0207003688152827 0.867764240669625 
22 0.20085205078125 0.0158034027099609 0.8666015625 34.974609375 36.0578663909912 0.00294954862146556 0.110174316154743 0.03604521918291 0.850830916040882 
22.1666666666667 0.115260314941406 0.0160884063720703 0 35.339501953125 35.4708506744385 0 0.111526344378055 0.020722433460076 0.867751222161869 
22.3333333333333 0.971087036132813 0.0132396789550781 1.56434326171875 40.3757080078125 42.9243779846191 0.0052220709606058 0.124744746022292 0.170924444822598 0.699108738194503 
22.5 0.645427551269531 0.0143241027832031 0.9876708984375 38.5305908203125 40.1780133728027 0.00332256180232901 0.119965916946673 0.11448368997283 0.762227831278168 
22.6666666666667 0.114958190917969 0.0160900177001953 0 35.353271484375 35.4843196929932 0 0.11156131527206 0.0206665435545369 0.867772141173403 
22.8333333333333 0.114686279296875 0.0160905212402344 0 35.353271484375 35.4840482849121 0 0.111563739069035 0.0206181087393406 0.867818152191625 
23 0.114746704101563 0.0160902191162109 0 35.3498291015625 35.4806660247803 0 0.111554693737881 0.020629307956786 0.867815998305333 
23.1666666666667 0.11432373046875 0.0160921325683594 0 35.353271484375 35.4836873474121 0 0.11156131527206 0.0205524837872188 0.867886200940722 
23.3333333333333 0.114686279296875 0.0160906219482422 0 35.353271484375 35.4840483856201 0 0.111563133109917 0.0206179967519594 0.867818870138123 
23.5 0.114776916503906 0.0160902191162109 0 35.3498291015625 35.4806962371826 0 0.11155408781802 0.0206346275012493 0.867811284680731 
23.6666666666667 0.11432373046875 0.0160921325683594 0 35.353271484375 35.4836873474121 0 0.11156131527206 0.0205524837872188 0.867886200940722 
23.8333333333333 0.114716491699219 0.0160909240722656 0 35.353271484375 35.4840789001465 0 0.111560709339272 0.0206229802025908 0.867816310458138 
24 0.201667785644531 0.0158027984619141 0.868194580078125 34.7456909179688 35.8313560821533 0.00295675007052798 0.109519107658254 0.0362134068271088 0.851310735444109 
24.1666666666667 0.115139465332031 0.0160908233642578 0 35.339501953125 35.4707322418213 0 0.111514229850098 0.0206984575276993 0.867787312622203 
24.3333333333333 0.114958190917969 0.0160915283203125 0 35.3429443359375 35.4739940551758 0 0.111523275201903 0.0206655333662823 0.867811191431815 
24.5 0.114958190917969 0.0160912261962891 0 35.3446655273438 35.475714944458 0 0.111529917825778 0.0206657578440265 0.867804324330196 
24.6666666666667 1.23076263427734 0.0123767120361328 2.12986450195312 42.389501953125 45.7625058013916 0.00705172495635526 0.129895199869198 0.214858728157849 0.648194347016598 
24.8333333333333 0.210489807128906 0.0157720825195313 0.243731689453125 36.785302734375 37.2552963134766 0.00082656236494079 0.115459417408592 0.0376383006309966 0.846075719595471 
25 0.115169677734375 0.0160889099121094 0 35.3498291015625 35.481087689209 0 0.11155408781802 0.0207052382297347 0.867740673952245 
25.1666666666667 0.11432373046875 0.0160920318603516 0 35.353271484375 35.4836872467041 0 0.11156192121143 0.020552595416945 0.867885483371625 
25.3333333333333 0.114716491699219 0.0160905212402344 0 35.353271484375 35.4840784973145 0 0.111563133109917 0.0206234282579531 0.86781343863213 
25.5 0.114776916503906 0.0160902191162109 0 35.3498291015625 35.4806962371826 0 0.11155408781802 0.0206346275012493 0.867811284680731 
25.6666666666667 0.11432373046875 0.0160921325683594 0 35.353271484375 35.4836873474121 0 0.11156131527206 0.0205524837872188 0.867886200940722 
25.8333333333333 0.114686279296875 0.0160906219482422 0 35.353271484375 35.4840483856201 0 0.111563133109917 0.0206179967519594 0.867818870138123 
26 0.20181884765625 0.0158003814697266 0.868194580078125 34.7456909179688 35.8315047271729 0.00295705488185345 0.109530397981607 0.0362442690106074 0.851268278125933 
26.1666666666667 0.11529052734375 0.0160884063720703 0 35.339501953125 35.4708808868408 0 0.111525738589144 0.0207277527009631 0.867746508709893 
26.3333333333333 0.115139465332031 0.0160889099121094 0 35.3429443359375 35.4741727111816 0 0.111535390515092 0.0207003688152827 0.867764240669625 
26.5 0.115109252929687 0.0160888092041016 0 35.3446655273438 35.4758635894775 0 0.111541428121367 0.0206950494834385 0.867763522395194 
26.6666666666667 2.69343566894531 0.0076046630859375 5.48157348632812 61.962890625 70.1455044433594 0.0168591348485814 0.17638153285351 0.436789268163623 0.369970064134285 oE-wB-
26.8333333333333 0.376929931640625 0.0151201995849609 0.5543701171875 38.07275390625 39.0191741546631 0.00188023751506081 0.119513947796394 0.0674075955112031 0.811198219177342 
27 0.317985534667969 0.0154168853759766 0.36639404296875 36.5908081054688 37.2906045684814 0.00124257829593893 0.114852052145068 0.0568614633250315 0.827043906233961 
27.1666666666667 0.249826354980469 0.0156418670654297 0.275592041015625 36.0365844726563 36.5776447357178 0.000936664176114522 0.113358022285027 0.0447703819207571 0.840934931618101 
27.3333333333333 0.115169677734375 0.0160902191162109 0 35.194921875 35.3261817718506 0 0.111111714874124 0.0207139014622536 0.868174383663622 
27.5 0.244690246582031 0.0156586853027344 0.211871337890625 35.5477661132813 36.0199863830566 0.000721371582298735 0.112018701422675 0.0439277326694545 0.843332194325572 
27.6666666666667 0.239644775390625 0.0156764099121094 0.23258056640625 36.33779296875 36.825694720459 0.00078982104602601 0.114210287148638 0.0429100036786186 0.842089888126718 
27.8333333333333 0.115381164550781 0.0160900177001953 0 35.45654296875 35.588014151001 0 0.111842248137772 0.0207342497882598 0.867423502073968 
28 0.328197326660156 0.0153791198730469 1.210693359375 37.1243774414063 38.6786472473145 0.0040881754903121 0.116023496250713 0.0584340136200794 0.821454314638896 
28.1666666666667 0.182422485351563 0.0158641296386719 0.109918212890625 35.807666015625 36.1158708435059 0.000374111485222596 0.112797323747404 0.0327374659097686 0.854091098857604 
28.3333333333333 0.115350952148438 0.0160895141601563 0 35.201806640625 35.3332471069336 0 0.111131638718932 0.0207461664692394 0.868122194811828 
28.5 0.114927978515625 0.0160908233642578 0 35.2035278320313 35.3345466339111 0 0.111137072497473 0.0206700935696665 0.86819283393286 
28.6666666666667 0.114686279296875 0.0160919311523438 0 35.2052490234375 35.3360272338867 0 0.111140090633456 0.0206261750290701 0.868233734337474 
28.8333333333333 0.115018615722656 0.0160908233642578 0 35.201806640625 35.3329160797119 0 0.11113043100263 0.0206861700971549 0.868183398900215 
29 0.115139465332031 0.0160899169921875 0 35.2035278320313 35.3347572143555 0 0.111138280299078 0.0207083550686837 0.868153364632238 
29.1666666666667 0.114746704101563 0.0160916290283203 0 35.2052490234375 35.3360873565674 0 0.111140694534251 0.0206371544852394 0.868222150980509 
29.3333333333333 0.115471801757812 0.0160887084960937 0 35.201806640625 35.3333671508789 0 0.111134054230289 0.0207683529859262 0.868097592783785 
29.5 0.115048828125 0.0160902191162109 0 35.2035278320313 35.3346668792725 0 0.111138280299078 0.0206920535559033 0.868169666145018 
29.6666666666667 0.114686279296875 0.0160919311523438 0 35.2052490234375 35.3360272338867 0 0.111140090633456 0.0206261750290701 0.868233734337474 
29.8333333333333 0.305628662109375 0.0154561614990234 0.369580078125 36.4737670898437 37.1644319915771 0.00125395915984736 0.114537278260024 0.0546769433664479 0.829531819213681 
30 0.201003112792969 0.0158019927978516 0.868194580078125 35.1243530273438 36.2093527130127 0.0029537054098876 0.11059865376069 0.0360568845724444 0.850390756256978 
30.1666666666667 0.114293518066406 0.0160910247802734 0 35.339501953125 35.4698864959717 0 0.111529979249731 0.0205492846046042 0.867920736145665 
30.3333333333333 0.114263305664062 0.0160908233642578 0 35.3429443359375 35.4732984649658 0 0.111541449158849 0.0205439641920116 0.867914586649139 
30.5 0.114535217285156 0.0160894134521484 0 35.3446655273438 35.4752901580811 0 0.111549304955755 0.020593299979901 0.867857395064344 
30.6666666666667 0.114444580078125 0.0160897155761719 0 35.339501953125 35.4700362487793 0 0.111534826113882 0.0205773388524929 0.867887835033626 
30.8333333333333 0.114474792480469 0.0160899169921875 0 35.3429443359375 35.4735090454102 0 0.111542660966587 0.0205822120581669 0.867875126975246 
31 0.114202880859375 0.0160912261962891 0 35.3446655273438 35.4749596343994 0 0.111545063445159 0.0205327655136451 0.867922171041196 
31.1666666666667 0.114505004882813 0.0160894134521484 0 35.339501953125 35.47009637146 0 0.111535432001521 0.0205883151804873 0.867876252817992 
31.3333333333333 0.114293518066406 0.0160908233642578 0 35.3429443359375 35.4733286773682 0 0.111540843264854 0.0205492846046042 0.867909872130542 
31.5 0.771534118652344 0.0139094879150391 2.15535278320312 48.8112670898438 51.7520634796143 0.00699709359453058 0.146659702326159 0.132065616499281 0.71427758758003 oB-
31.6666666666667 0.629566040039062 0.0143740539550781 1.80807495117188 44.6580322265625 47.1100472717285 0.00595334882427917 0.136093029598896 0.109300337269013 0.748653284307812 
31.8333333333333 0.40677978515625 0.0151175811767578 1.20272827148437 41.9867431640625 43.6113688018799 0.00400050867395059 0.129256170320994 0.0713415215709547 0.7954017994341 
32 0.747968444824219 0.0139840118408203 2.41182861328125 44.8989990234375 48.0727800933838 0.0079178302843934 0.136423065256728 0.129472737351868 0.726186367107011 
32.1666666666667 0.718601989746094 0.014081396484375 1.29671630859375 41.3068725585938 43.336272253418 0.00432009001072062 0.127368354013863 0.126232605534386 0.742078950441031 
32.3333333333333 0.859935607910156 0.0136087738037109 1.83197021484375 44.29658203125 47.0020966278076 0.00603737925241495 0.135111297774045 0.149427761444771 0.709423561528769 
32.5 0.589564819335938 0.0145106140136719 1.74754028320312 44.9971069335938 47.3487226501465 0.00574827080276672 0.136989100817439 0.102253196394886 0.755009431984909 
32.6666666666667 0.392308044433594 0.0151680358886719 1.2234375 42.1950073242188 43.825920904541 0.00406603064347053 0.129790027636302 0.0687466248769073 0.79739731684332 
32.8333333333333 0.640684204101563 0.0143396118164063 1.53407592773437 44.3000244140625 46.4891241577148 0.00506056386137313 0.135253159568039 0.111437504926561 0.748248771644026 
33 1.15610778808594 0.0126235473632813 2.76866455078125 50.7975219726563 54.7349178588867 0.00891899520180638 0.151453570420548 0.19637184717625 0.643255587201396 
33.1666666666667 0.550681457519531 0.0146401245117187 1.69974975585937 44.5530395507812 46.8181108886719 0.00559955077643256 0.135842897701928 0.0956541818200902 0.76290336970155 
33.3333333333333 0.614429626464844 0.0144266235351563 1.51495971679687 43.807763671875 45.9515796386719 0.00500547391469114 0.13396353530675 0.107041349109436 0.753989641669123 
33.5 0.761564025878906 0.0139369812011719 1.55000610351562 44.1020874023438 46.4275945129395 0.00511585599890637 0.134721046515908 0.13253379461915 0.727629302866036 
33.6666666666667 0.851959533691406 0.0136347564697266 2.0836669921875 48.7269287109375 51.6761899932861 0.00676997608769914 0.146527540552571 0.145953024233202 0.700749459126528 
33.8333333333333 0.903894653320312 0.0134671783447266 2.00879516601562 47.0522094726563 49.9783664703369 0.00655947482586961 0.142201715554954 0.155627571641845 0.69561123797733 
34 1.15329803466797 0.0126329132080078 3.27843017578125 56.0178955078125 60.4622566314697 0.0103825081475951 0.16419295926707 0.192580895781412 0.632843636803923 
34.1666666666667 0.978277587890625 0.0132149047851563 2.67308349609375 51.0264404296875 54.691016418457 0.00860848330631426 0.152090045351009 0.166116024707065 0.673185446635612 
34.3333333333333 1.04332489013672 0.0129955627441406 2.37359619140625 50.5531127929688 53.9830294372559 0.00766318994424901 0.151057417350696 0.177605998889095 0.66367339381596 
34.5 1.10634796142578 0.0129226501464844 2.332177734375 48.7079956054688 52.159443951416 0.00751926040061633 0.145346687211094 0.188079096045198 0.659054956343092 
34.6666666666667 1.21626068115234 0.012286376953125 2.6061767578125 47.1967895507813 51.0315133666992 0.00855138672548794 0.143329813813939 0.210423701349614 0.637695098110959 
34.8333333333333 1.16266387939453 0.0126006866455078 3.10160522460937 53.6512573242188 57.9281271148682 0.00989721535974624 0.158452028751233 0.195621231992355 0.636029523896666 
35 1.16668212890625 0.0125859832763672 2.459619140625 48.021240234375 51.6601274871826 0.00799854948584454 0.144533374776595 0.200046623669283 0.647421452068278 
35.1666666666667 0.869241027832031 0.0135789642333984 2.25889892578125 47.07802734375 50.2197462615967 0.00737098182725496 0.142179897700337 0.149556077681208 0.700893042791201 
35.3333333333333 0.602948913574219 0.0144650939941406 1.9179931640625 46.1262084960938 48.6616156677246 0.00628412163220143 0.139873900017746 0.104162969612827 0.749679008737226 
35.5 0.492885131835938 0.0148313690185547 1.41141357421875 43.2380493164063 45.1571793914795 0.00467319296172834 0.132500316469049 0.0860479345120047 0.776778556057218 
35.6666666666667 0.729599304199219 0.0140436309814453 1.87657470703125 45.5788696289063 48.1990872711182 0.00615925168751993 0.138457677366057 0.126264659594159 0.729118411352264 
35.8333333333333 0.78310546875 0.0138672912597656 1.83356323242187 44.4514892578125 47.0820252502441 0.00603898318423883 0.135501980639576 0.135995173010834 0.722463863165351 
36 0.528717041015625 0.0147135406494141 2.153759765625 43.3757446289063 46.0729349761963 0.00711002661001083 0.132529423519884 0.0920306698780988 0.768329879992007 
36.1666666666667 0.656394653320312 0.0142883514404297 1.79851684570312 45.3585571289063 47.8277569793701 0.00590830354759874 0.137911003888281 0.113696902458043 0.742483790106077 
36.3333333333333 0.513489990234375 0.0147620819091797 1.4592041015625 44.2122436523438 46.1996998260498 0.00481643899002009 0.13506535844612 0.0893670273737788 0.770751175190081 
36.5 0.630502624511719 0.0143752624511719 1.39070434570312 43.3963989257813 45.4319811584473 0.00460207594216039 0.132911959598729 0.110012282745642 0.752473681713469 
36.6666666666667 0.843379211425781 0.0136646667480469 1.97374877929687 45.3551147460938 48.1859074035645 0.0064804305642002 0.13782552526008 0.146005826634099 0.709688217541621 
36.8333333333333 0.607027587890625 0.0144522033691406 1.92277221679687 46.4549560546875 48.9992080627441 0.00629317761151229 0.140723167965797 0.104757683985505 0.748225970437186 
37 0.755642395019531 0.0139579284667969 1.95303955078125 47.0745849609375 49.7972248352051 0.00637926997424357 0.142310794286755 0.1301402294664 0.721169706272602 
37.1666666666667 0.451705627441406 0.0149680297851562 0.664288330078125 38.4204345703125 39.5513965576172 0.00223810903938428 0.119805923206561 0.0802445281722646 0.79771143958179 oE-
37.3333333333333 0.317441711425781 0.0154170867919922 0.438079833984375 37.0211059570313 37.7920445892334 0.00148345542621023 0.116027791863112 0.0566787860479669 0.825809966662711 
37.5 0.116136474609375 0.0160859893798828 0 35.2035278320313 35.3357502960205 0 0.111141903861411 0.020888352732766 0.867969743405823 
37.6666666666667 0.114837341308594 0.0160913269042969 0 35.2052490234375 35.3361776916504 0 0.111140694534251 0.0206534555551329 0.868205849910616 
37.8333333333333 0.11529052734375 0.0160895141601563 0 35.201806640625 35.3331866821289 0 0.111132846461485 0.020735524256651 0.868131629281864 
38 0.200278015136719 0.0158046112060547 0.868194580078125 35.1243530273438 36.2086302337647 0.0029536733941772 0.110597454963255 0.0359264237247718 0.850522447917796 
38.1666666666667 0.114837341308594 0.0160883056640625 0 35.339501953125 35.4704276000977 0 0.111535432001521 0.0206480701849689 0.86781649781351 
38.3333333333333 0.11480712890625 0.0160884063720703 0 35.3429443359375 35.4738398712158 0 0.111545084661057 0.0206424136413761 0.867812501697567 
38.5 0.114444580078125 0.0160900177001953 0 35.3446655273438 35.4752001251221 0 0.111547487126002 0.0205766681876453 0.867875844686352 
38.6666666666667 0.114263305664062 0.0160905212402344 0 35.339501953125 35.4698557800293 0 0.11153361435835 0.0205445221850419 0.867921863456608 
38.8333333333333 0.114384155273438 0.0160904205322266 0 35.3429443359375 35.4734189117432 0 0.111541449158849 0.0205656923402845 0.867892858500866 
39 0.114172668457031 0.0160912261962891 0 35.3446655273438 35.4749294219971 0 0.111545669355496 0.0205274450691219 0.867926885575382 
39.1666666666667 0.114142456054688 0.0160911254882813 0 35.339501953125 35.469735534668 0 0.111532402629149 0.0205225704818295 0.867945026889022 
39.3333333333333 0.649536437988281 0.0143100036621094 1.15175170898437 40.503076171875 42.3186743225098 0.00384885652229462 0.125271496103232 0.114448916144968 0.756430731229505 
39.5 1.23997741699219 0.0123453918457031 2.1473876953125 42.3361450195313 45.7358555236816 0.00711071724348932 0.129749489642512 0.216497075005407 0.646642718108591 
39.6666666666667 0.114837341308594 0.0160920318603516 0 35.0675537109375 35.1984830841064 0 0.110749929334 0.0206616511926246 0.868588419473375 
39.8333333333333 0.113870544433594 0.0160941467285156 0 35.1209106445312 35.2508753356934 0 0.110906383163753 0.0204854769979998 0.868608139838247 
40 0.1996435546875 0.01580712890625 0.8729736328125 34.9660034179688 36.054427734375 0.00297130092012731 0.110149595241581 0.0358291176646009 0.851049986173691 
40.1666666666667 0.114595642089844 0.0160901184082031 0 35.339501953125 35.470187713623 0 0.111529373421331 0.0206034927618892 0.867867133816779 
40.3333333333333 0.114202880859375 0.0160914276123047 0 35.3429443359375 35.4732386444092 0 0.111539025622362 0.0205326539813251 0.867928320396313 
40.5 0.114535217285156 0.0160900177001953 0 35.3446655273438 35.4752907623291 0 0.111545669355496 0.0205926288057796 0.867861701838725 
40.6666666666667 0.11432373046875 0.0160906219482422 0 35.339501953125 35.469916305542 0 0.111531796774421 0.0205550515777523 0.867913151647826 
40.8333333333333 0.114505004882813 0.0160898162841797 0 35.3429443359375 35.4735391571045 0 0.111542660966587 0.0205876441542498 0.867869694879163 
41 0.410133361816406 0.0151055969238281 0.778985595703125 40.6166748046875 41.8208993591309 0.00260583194781941 0.12575137485612 0.0723398132753549 0.799302979920706 wE-oB-
41.1666666666667 0.834526977539062 0.0136951812744141 1.8287841796875 45.3465087890625 48.0235151275635 0.00600716883388713 0.137861385102431 0.144538342795845 0.711593103267837 
41.3333333333333 1.13616760253906 0.0126904174804688 2.69060668945312 51.2880615234375 55.1275262329102 0.00865687706619513 0.152728018246585 0.192747494938623 0.645867609748597 
41.5 1.06906585693359 0.0129139892578125 2.17765502929687 45.53583984375 48.7954747192383 0.00714061847053907 0.138194734642708 0.184835979941496 0.669828666945257 
41.6666666666667 0.718420715332031 0.0140823028564453 1.5739013671875 43.2862426757813 45.5926470611572 0.00520687856062483 0.132538247895905 0.125318183495038 0.736936690048432 
41.8333333333333 0.913109436035156 0.0134317291259766 2.21748046875 48.6047241210938 51.7487457550049 0.00720396217919856 0.146144172398267 0.1564118886077 0.690239976814834 
42 0.452098388671875 0.0149675262451172 1.4592041015625 38.56845703125 40.4947270477295 0.00490072815404123 0.119885935017201 0.0800594935557565 0.795153843273002 
42.1666666666667 0.1164990234375 0.0160843780517578 0 35.2947509765625 35.4273343780518 0 0.111400244465571 0.0209479831590384 0.86765177237539 
42.3333333333333 0.116136474609375 0.0160855865478516 0 35.298193359375 35.4304154205322 0 0.111409899118304 0.0208825654481548 0.867707535433541 
42.5 0.116166687011719 0.0160853851318359 0 35.2964721679688 35.4287242401123 0 0.111405677033818 0.0208882249083254 0.867706098057857 
42.6666666666667 0.115864562988281 0.0160864929199219 0 35.2947509765625 35.4267020324707 0 0.111400244465571 0.020833899225859 0.86776585630857 
42.8333333333333 0.116136474609375 0.0160855865478516 0 35.298193359375 35.4304154205322 0 0.111409899118304 0.0208825654481548 0.867707535433541 
43 0.116166687011719 0.0160853851318359 0 35.2964721679688 35.4287242401123 0 0.111405677033818 0.0208882249083254 0.867706098057857 
43.1666666666667 0.115864562988281 0.0160864929199219 0 35.2947509765625 35.4267020324707 0 0.111400244465571 0.020833899225859 0.86776585630857 
43.3333333333333 0.116136474609375 0.0160855865478516 0 35.298193359375 35.4304154205322 0 0.111409899118304 0.0208825654481548 0.867707535433541 
43.5 1.11157470703125 0.0127730987548828 2.07570190429687 44.1003662109375 47.3004159210205 0.00683810023615849 0.134463395434269 0.193083180267646 0.665615324061926 
43.6666666666667 0.116408386230469 0.0160856872558594 0 35.4823608398438 35.6148549133301 0 0.11192004082652 0.0209181623722814 0.867161796801199 
43.8333333333333 0.116076049804688 0.0160864929199219 0 35.4324462890625 35.5646088317871 0 0.111782018005886 0.0208620670931028 0.867355914901011 
44 0.200731201171875 0.0158035034179687 0.868194580078125 35.0314086914063 36.1161379760742 0.00295447399520779 0.110334695824705 0.0360174774755239 0.850693352704563 
44.1666666666667 0.115502014160156 0.0160877014160156 0 35.339501953125 35.4710916687012 0 0.111525738589144 0.0207657753081189 0.867708486102737 
44.3333333333333 0.115350952148438 0.0160882049560547 0 35.3429443359375 35.474383493042 0 0.111535390515092 0.0207383910093806 0.867726218475527 
44.5 0.115320739746094 0.0160881042480469 0 35.3446655273438 35.4760743713379 0 0.111541428121367 0.0207330718840643 0.867725499994568 
44.6666666666667 0.115079040527344 0.016089111328125 0 35.339501953125 35.4706701049805 0 0.111525738589144 0.0206897300938072 0.867784531317049 
44.8333333333333 0.115350952148438 0.0160882049560547 0 35.3429443359375 35.474383493042 0 0.111535390515092 0.0207383910093806 0.867726218475527 
45 0.115350952148438 0.0160881042480469 0 35.3446655273438 35.4761045837402 0 0.111540822257106 0.0207383910093806 0.867720786733513 
45.1666666666667 0.503550109863281 0.0148943115234375 0.76783447265625 38.51337890625 39.799657800293 0.0025717502307639 0.119388969219031 0.0889281350542362 0.789111145495969 
45.3333333333333 2.21169891357422 0.00901195678710938 4.0717529296875 49.8835693359375 56.1760331359863 0.0131597238311478 0.149215616617498 0.376900462855701 0.460724196695653 
45.5 0.115894775390625 0.0160888092041016 0 35.0830444335938 35.2150280181885 0 0.110791624994565 0.0208505457233552 0.86835782928208 
45.6666666666667 0.244418334960938 0.0156614044189453 0.23258056640625 35.6269409179688 36.1196012237549 0.000791551006245663 0.112221330673144 0.043860600277585 0.843126518043026 
45.8333333333333 0.246895751953125 0.0157291809082031 0.259661865234375 36.4599975585938 36.9822843566895 0.000877740921035627 0.11406862533925 0.044005514151553 0.841048119588162 
46 0.200308227539063 0.0157292816162109 0.8729736328125 34.6493041992187 35.7383153411865 0.00298644112133235 0.10970811352836 0.036131577800061 0.851173867550246 
46.1666666666667 0.244176635742188 0.0156596923828125 0.23895263671875 35.7061157226562 36.2049046875 0.000813127124294612 0.112455481289945 0.0438112894569937 0.842920102128767 
46.3333333333333 0.11577392578125 0.0160867950439453 0 35.3429443359375 35.4748050567627 0 0.111535390515092 0.0208144353975764 0.867650174087332 
46.5 0.245898742675781 0.0156552612304688 0.256475830078125 36.2293579101563 36.7473877441406 0.000871207406886326 0.11390089880466 0.0440419694698622 0.841185924318591 
46.6666666666667 0.251397399902344 0.0156372344970703 0.256475830078125 36.2586181640625 36.78212862854 0.000871113131083589 0.113980554157807 0.0450219401474941 0.840126392563616 
46.8333333333333 0.221003723144531 0.0157377410888672 0.221429443359375 36.2706665039063 36.728837411499 0.000752172642561067 0.114032619400643 0.039583761729023 0.845631446227773 
47 0.244750671386719 0.0156590881347656 0.259661865234375 35.8799560546875 36.4000276794434 0.000882990249187432 0.112925243770314 0.0438840736728061 0.842307692307692 
47.1666666666667 0.2431494140625 0.0156649291992188 0.578265380859375 39.979833984375 40.8169137084961 0.00193923723335488 0.124089813929386 0.0429944387163639 0.830976510120895 
47.3333333333333 0.11577392578125 0.0160867950439453 0 35.3429443359375 35.4748050567627 0 0.111535390515092 0.0208144353975764 0.867650174087332 
47.5 0.246231079101562 0.0156523406982422 0.259661865234375 36.234521484375 36.7560667694092 0.000882091910730134 0.113925146654545 0.0441045955365067 0.841088165898219 
47.6666666666667 0.251880798339844 0.0156338104248047 0.25806884765625 36.2672241210937 36.7928075775146 0.000876580686005552 0.1140150100915 0.0451114393779524 0.839996969844542 
47.8333333333333 0.1164990234375 0.0160867950439453 0 35.201806640625 35.3343924591064 0 0.111124996604091 0.0209513977559836 0.867923605639925 
48 0.260974731445312 0.0156039001464844 1.13104248046875 37.5804931640625 38.988114276123 0.00381466119361286 0.117308890846962 0.0464099202682083 0.832466527691217 
48.1666666666667 0.115502014160156 0.0160877014160156 0 35.339501953125 35.4710916687012 0 0.111525738589144 0.0207657753081189 0.867708486102737 
48.3333333333333 0.115350952148438 0.0160882049560547 0 35.3429443359375 35.474383493042 0 0.111535390515092 0.0207383910093806 0.867726218475527 
48.5 0.115350952148438 0.0160881042480469 0 35.3446655273438 35.4761045837402 0 0.111540822257106 0.0207383910093806 0.867720786733513 
48.6666666666667 0.115079040527344 0.0160890106201172 0 35.339501953125 35.4706700042725 0 0.111526344378055 0.0206898424769147 0.86778381314503 
48.8333333333333 0.115381164550781 0.0160881042480469 0 35.3429443359375 35.4744136047363 0 0.111535390515092 0.0207438227513946 0.867720786733513 
49 0.115350952148438 0.0160881042480469 0 35.3446655273438 35.4761045837402 0 0.111540822257106 0.0207383910093806 0.867720786733513 
49.1666666666667 0.115079040527344 0.016089111328125 0 35.339501953125 35.4706701049805 0 0.111525738589144 0.0206897300938072 0.867784531317049 
49.3333333333333 0.115350952148438 0.0160882049560547 0 35.3429443359375 35.474383493042 0 0.111535390515092 0.0207383910093806 0.867726218475527 
49.5 0.115350952148438 0.0160881042480469 0 35.3446655273438 35.4761045837402 0 0.111540822257106 0.0207383910093806 0.867720786733513 
49.6666666666667 0.444635925292969 0.0149939117431641 0.7710205078125 38.8558959960938 40.0865463409424 0.00259293585698137 0.120941171428418 0.0788434648908985 0.797622427823702 
49.8333333333333 0.115894775390625 0.0160887084960937 0 35.0864868164062 35.218470300293 0 0.110801893714975 0.0208504323910054 0.868347673894019 
50 0.200882263183594 0.0158041076660156 0.8729736328125 34.9660034179688 36.0556634216309 0.00297112371368777 0.110143025991911 0.0360492729421715 0.85083657735223 
50.1666666666667 0.115502014160156 0.0160877014160156 0 35.339501953125 35.4710916687012 0 0.111525738589144 0.0207657753081189 0.867708486102737 
50.3333333333333 0.115350952148438 0.0160882049560547 0 35.3429443359375 35.474383493042 0 0.111535390515092 0.0207383910093806 0.867726218475527 
50.5 0.115320739746094 0.0160881042480469 0 35.3446655273438 35.4760743713379 0 0.111541428121367 0.0207330718840643 0.867725499994568 
50.6666666666667 0.115079040527344 0.016089111328125 0 35.339501953125 35.4706701049805 0 0.111525738589144 0.0206897300938072 0.867784531317049 
50.8333333333333 0.115350952148438 0.0160882049560547 0 35.3429443359375 35.474383493042 0 0.111535390515092 0.0207383910093806 0.867726218475527 
51 0.115350952148438 0.0160881042480469 0 35.3446655273438 35.4761045837402 0 0.111540822257106 0.0207383910093806 0.867720786733513 
51.1666666666667 0.115079040527344 0.016089111328125 0 35.339501953125 35.4706701049805 0 0.111525738589144 0.0206897300938072 0.867784531317049 
51.3333333333333 0.446358032226563 0.0149871643066406 0.775799560546875 38.7663940429688 40.0035388000488 0.00260983269203974 0.120700742757312 0.0791738566574849 0.797515567893163 
51.5 0.115894775390625 0.0160888092041016 0 35.0830444335938 35.2150280181885 0 0.110791624994565 0.0208505457233552 0.86835782928208 
51.6666666666667 0.114837341308594 0.0160927368164063 0 35.1157470703125 35.2466771484375 0 0.110881037396942 0.0206577209658748 0.868461241637183 
51.8333333333333 0.115260314941406 0.01609072265625 0 35.1209106445312 35.2522616821289 0 0.110899149981521 0.0207341463944868 0.868366703623992 
52 0.200882263183594 0.0158041076660156 0.8729736328125 34.9660034179688 36.0556634216309 0.00297112371368777 0.110143025991911 0.0360492729421715 0.85083657735223 
52.1666666666667 0.115502014160156 0.0160877014160156 0 35.339501953125 35.4710916687012 0 0.111525738589144 0.0207657753081189 0.867708486102737 
52.3333333333333 0.115350952148438 0.0160882049560547 0 35.3429443359375 35.474383493042 0 0.111535390515092 0.0207383910093806 0.867726218475527 
52.5 0.115320739746094 0.0160882049560547 0 35.3446655273438 35.4760744720459 0 0.111540822257106 0.0207329592673666 0.867726218475527 
52.6666666666667 0.115079040527344 0.016089111328125 0 35.339501953125 35.4706701049805 0 0.111525738589144 0.0206897300938072 0.867784531317049 
52.8333333333333 0.115350952148438 0.0160882049560547 0 35.3429443359375 35.474383493042 0 0.111535390515092 0.0207383910093806 0.867726218475527 
53 0.115350952148438 0.0160881042480469 0 35.3446655273438 35.4761045837402 0 0.111540822257106 0.0207383910093806 0.867720786733513 
53.1666666666667 0.115109252929687 0.0160890106201172 0 35.339501953125 35.4707002166748 0 0.111525738589144 0.0206951618948295 0.867779099516026 
53.3333333333333 0.115350952148438 0.0160881042480469 0 35.3429443359375 35.474383392334 0 0.11153599634985 0.0207385036555822 0.867725499994568 
53.5 0.360826721191406 0.0152708587646484 0.578265380859375 39.0555541992187 40.0099171600342 0.00194500407218483 0.121581507994342 0.063992241416263 0.81248124651721 oE-wB-
53.6666666666667 0.237409057617188 0.0156823516845703 0.28992919921875 36.3636108398438 36.9066314483643 0.000984379732594868 0.114269179178746 0.0425014062567608 0.842245034831898 
