0 0.235505676269531 0.0156949401855469 1.52451782226562 16.9726684570313 18.748386895752 0.00548552955135591 0.0565233092015889 0.044680985217157 0.893310176029898 
0.166666666666667 0.0896401977539062 0.0161818634033203 0 17.8005615234375 17.9063835845947 0 0.0594401977125122 0.0170527041784011 0.923507098109087 
0.333333333333333 0.215595703125 0.0157643280029297 0.575079345703125 23.8505493164063 24.6569886932373 0.00202935538453755 0.0778968907577197 0.0401149031137395 0.879958850744003 
0.5 0.708118286132812 0.0141229888916016 0.632427978515625 19.9486083984375 21.3032776519775 0.0022600220878733 0.0659789823638579 0.133426694447291 0.798334301100978 
0.666666666666667 0.338016357421875 0.0153554534912109 0.211871337890625 17.9640747070313 18.529317855835 0.000763345634868251 0.0599025442941349 0.0642128643827518 0.875121245688245 
0.833333333333333 0.0840811157226563 0.0162003936767578 0 17.7265502929688 17.8268318023682 0 0.0592076896985863 0.0159991261706152 0.924793184130798 
1 0.342397155761719 0.0153403472900391 0.278778076171875 18.7454956054688 19.3820111846924 0.00100157963416588 0.0623325931182894 0.0648622971085827 0.871803530138962 
1.16666666666667 0.338167419433594 0.0153550506591797 0.211871337890625 18.0759521484375 18.6413459564209 0.000763056586670033 0.0602527840090878 0.0642172358992306 0.874766923505012 
1.33333333333333 0.08435302734375 0.0161994873046875 0 17.6508178710938 17.7513703857422 0 0.058969655497605 0.0160549271720442 0.924975417330351 
1.5 0.339043579101563 0.0153516265869141 0.256475830078125 18.4563354492187 19.0672064849853 0.00092240880470715 0.0614347180923898 0.0642936124622586 0.873349260640644 
1.66666666666667 0.338771667480469 0.0153523315429688 0.237359619140625 18.1052124023438 18.6966960205078 0.000854725369281514 0.0603413165065252 0.0643223863473397 0.874481571776854 
1.83333333333333 0.084715576171875 0.0161982788085938 0 17.6508178710938 17.7517317260742 0 0.058969655497605 0.0161239311570243 0.924906413345371 
2 0.489591979980469 0.0148502014160156 1.77940063476562 18.0828369140625 20.3666797302246 0.00637244275070456 0.0599363326221147 0.092448912063713 0.841242312563468 
2.16666666666667 0.0846249389648438 0.0161984802246094 0 17.6473754882812 17.7481989074707 0 0.0589591719378953 0.0161069580218516 0.924933870040253 
2.33333333333333 0.344874572753906 0.0153330963134766 0.2548828125 18.3427368164063 18.9578272979736 0.000916984267988652 0.0610768833997192 0.0654210963693154 0.872585035962977 
2.5 0.340403137207031 0.0153473968505859 0.2102783203125 18.1671752929688 18.7332041473389 0.000757102134225031 0.0605394926268576 0.0646232556538896 0.874080149585028 
2.66666666666667 0.0844134521484375 0.0161991851806641 0 17.6473754882812 17.7479881256104 0 0.0589591719378953 0.0160667050028752 0.924974123059229 
2.83333333333333 0.339255065917969 0.0153504180908203 0.2548828125 18.3444580078125 18.9539463043213 0.000917052592966207 0.0610871658489614 0.0643598972901096 0.873635884267963 
3 0.340342712402344 0.0153470947265625 0.23258056640625 18.5010864257813 19.0893567993164 0.000836426967322059 0.0615805032311288 0.0645366423759109 0.873046427425638 
3.16666666666667 0.0845040893554687 0.0162000915527344 0 17.4218994140625 17.5226035949707 0 0.0582457230652373 0.016094970106053 0.92565930682871 
3.33333333333333 0.338227844238281 0.0153554534912109 0.256475830078125 18.17578125 18.7858403778076 0.000923212780476057 0.0605535836138333 0.0641948265678848 0.874328377037806 
3.5 0.339617614746094 0.0153509216308594 0.234173583984375 17.9537475585938 18.5428896789551 0.00084362033641513 0.0598626104023552 0.0645111306234182 0.874782638637811 
3.66666666666667 0.0845040893554687 0.0162001922607422 0 17.4218994140625 17.5226036956787 0 0.0582453878997825 0.0160948774901889 0.925659734610029 
3.83333333333333 0.344058837890625 0.0153351104736328 0.281964111328125 18.79541015625 19.4367682159424 0.00101282916948008 0.0624864097780931 0.0651643987685828 0.871336362283844 
4 0.49185791015625 0.0149220062255859 2.10596923828125 22.2498413085938 24.8625904632568 0.00739787353105764 0.0723391158365976 0.0911024062674874 0.829160604364857 
4.16666666666667 0.0842019653320313 0.0161217407226562 0 17.5303344726562 17.6306581787109 0 0.0588537814349112 0.016104613535503 0.925041605029586 
4.33333333333333 0.333726196289063 0.0153696533203125 0.23258056640625 17.8814575195313 18.4631339355469 0.000838131540726878 0.0596393738124078 0.0634109657456787 0.876111528901187 
4.5 0.0848666381835937 0.0161977752685547 0 17.6473754882812 17.7484399017334 0 0.0589588328991783 0.0161528685861496 0.924888298514672 
4.66666666666667 0.344753723144531 0.0153333984375 0.278778076171875 18.5630493164062 19.2019145141602 0.00100213598126292 0.0617602089024034 0.0653449924696639 0.87189266264667 
4.83333333333333 0.339466552734375 0.0153510223388672 0.211871337890625 17.6129516601562 18.1796405731201 0.000764222877270403 0.0587991932564514 0.064562468037671 0.875874115828607 
5 0.0848666381835937 0.0161987823486328 0 17.4201782226563 17.5212436431885 0 0.058240638972488 0.0161642085637505 0.925595152463761 
5.16666666666667 0.339526977539062 0.0153509216308594 0.250103759765625 18.2945434570313 18.8995251159668 0.000899950703337269 0.0609272358329416 0.0644181274146766 0.873754686049044 
5.33333333333333 0.345660095214844 0.0153299743652344 0.2548828125 18.3978149414063 19.0136878234863 0.000916842394792335 0.0612508022370954 0.0655599614926194 0.872272393875493 
5.5 0.0848666381835937 0.0161976745605469 0 17.6473754882812 17.7484398010254 0 0.0589591719378953 0.0161529614721104 0.924887866589994 
5.66666666666667 0.339194641113281 0.0153509216308594 0.234173583984375 18.1912719726563 18.7799911193848 0.000843020421739604 0.0606114478732373 0.0643849678562621 0.874160563848761 
5.83333333333333 0.345599670410156 0.0153298736572266 0.256475830078125 18.5303466796875 19.147752053833 0.000922176336153322 0.0616655306523395 0.065520342293527 0.87189195071798 
6 0.236109924316406 0.0156942352294922 1.52611083984375 16.9588989257812 18.7368139251709 0.00549107270799301 0.0564755108474479 0.0447940847734503 0.893239331671109 
6.16666666666667 0.333363647460937 0.0153708618164063 0.5798583984375 22.3789306640625 23.3075235717773 0.00205617190500938 0.0734460085410218 0.0623291230765755 0.862168696477393 
6.33333333333333 0.214810180664063 0.0157663421630859 0.1338134765625 17.8694091796875 18.2337991790771 0.00048239543791743 0.0596217790054614 0.040831328138011 0.89906449741861 
6.5 0.215535278320313 0.0157625152587891 0.122662353515625 17.900390625 18.2543507720947 0.000442203436552421 0.0597261784434439 0.0409698612514932 0.898861756868511 
6.66666666666667 0.338771667480469 0.0153523315429688 0.23258056640625 18.0690673828125 18.6557719482422 0.000837631453634804 0.0602291438373848 0.0643312430795004 0.87460198162948 
6.83333333333333 0.0847760009765625 0.0161980773925781 0 17.6508178710938 17.7517919494629 0 0.058969655497605 0.0161354318211877 0.924894912681207 
7 0.33958740234375 0.0153503173828125 0.230987548828125 18.3840454101563 18.9699706787109 0.000830993180124936 0.0612126769442375 0.0644162989283053 0.873540030947332 
7.16666666666667 0.338983154296875 0.0153526336669922 0.256475830078125 18.1327514648438 18.7435630828857 0.000923361034164358 0.0604199285398852 0.0643485143063609 0.87430819611959 
7.33333333333333 0.084715576171875 0.0161991851806641 0 17.4046875 17.5056022613525 0 0.0581921976877349 0.0161363649442651 0.925671437368 
7.5 0.339194641113281 0.0153509216308594 0.2357666015625 18.54755859375 19.1378707580566 0.000847744027127809 0.0617249299751978 0.0643082580578643 0.87311906793981 
7.66666666666667 0.330735168457031 0.0153790191650391 0.25806884765625 18.5355102539063 19.1396932891846 0.000927904139483467 0.06168271406233 0.0627022630550957 0.874687118743091 
7.83333333333333 0.0847760009765625 0.0161990844726562 0 17.4046875 17.5056625854492 0 0.0581918628071589 0.0161477815503251 0.925660355642516 
8 0.494063415527344 0.0148356994628906 2.21270141601562 23.511474609375 26.2330751403809 0.00777210770160478 0.0764341189373084 0.0915027193983751 0.824291053962712 
8.16666666666667 0.33862060546875 0.0153538421630859 0.2102783203125 17.6559814453125 18.2202342132568 0.000758372257363967 0.0589347167881786 0.0643926989434496 0.875914212011008 
8.33333333333333 0.0849270629882812 0.0161985809326172 0 17.4046875 17.5058131439209 0 0.0581918628071589 0.0161765552166657 0.925631581976175 
8.5 0.339013366699219 0.0153522308349609 0.256475830078125 18.3083129882813 18.9191544158936 0.000922837064804943 0.0609702972567092 0.0643177310818402 0.873789134596646 
8.66666666666667 0.214840393066406 0.0158953491210938 0.1083251953125 18.2842163085937 18.6232772460937 0.000387159953996288 0.0604823557544495 0.0404866828362883 0.898643801455266 
8.83333333333333 0.208254089355469 0.0156575775146484 0.1465576171875 18.1568481445313 18.5273174285889 0.000531764243478663 0.0609737065701784 0.0398418579380263 0.898652671248317 
9 0.333877258300781 0.0153683441162109 0.2102783203125 17.9244873046875 18.484011227417 0.000757749712973594 0.0597818599311137 0.0634385763490241 0.876021814006889 
9.16666666666667 0.0846249389648438 0.0161984802246094 0 17.6473754882812 17.7481989074707 0 0.0589591719378953 0.0161069580218516 0.924933870040253 
9.33333333333333 0.34442138671875 0.0153341033935547 0.28355712890625 18.6473876953125 19.2907003143311 0.00101903535136682 0.0620237584084729 0.0652640618291112 0.871693144411049 
9.5 0.3340283203125 0.0153689483642578 0.211871337890625 17.7334350585937 18.2947036651611 0.000763924388716894 0.0591782930597756 0.0635033687342405 0.876554413817267 
9.66666666666667 0.084715576171875 0.0161993865966797 0 17.4218994140625 17.5228143768311 0 0.0582457230652373 0.0161352506890857 0.925619026245677 
9.83333333333333 0.343817138671875 0.0153364196777344 0.278778076171875 18.8900756835938 19.5280073181152 0.00100105253523705 0.0627802947098664 0.065097016291415 0.871121636463482 
10 0.490226440429687 0.0148481872558594 2.10596923828125 21.8212646484375 24.4323085144043 0.00744101224783862 0.0713594200288184 0.0913297010086455 0.829869866714697 
10.1666666666667 0.08483642578125 0.0161977752685547 0 17.6473754882812 17.7484096893311 0 0.0589591719378953 0.0161472110408281 0.924893617021277 
10.3333333333333 0.338106994628906 0.0153551513671875 0.2357666015625 18.52001953125 19.1092482788086 0.000847792588688843 0.0616368125289997 0.0641057220271408 0.873409672855171 
10.5 0.33910400390625 0.0153522308349609 0.253289794921875 18.1103759765625 18.7181220062256 0.00091196916511804 0.0603505632413334 0.0643769931401565 0.874360474453392 
10.6666666666667 0.0846249389648438 0.0161983795166016 0 17.6473754882812 17.7481988067627 0 0.0589595109805117 0.0161070506443395 0.924933438375149 
10.8333333333333 0.339406127929687 0.0153507202148438 0.25806884765625 18.7971313476563 19.409957043457 0.000927065152078743 0.0624967810237775 0.064287962459584 0.87228819136456 
11 0.08531982421875 0.0161970703125 0 17.4201782226563 17.5216951171875 0 0.0582413092641719 0.0162507121195555 0.925507978616273 
11.1666666666667 0.398743286132813 0.0151524261474609 0.374359130859375 18.7764770507813 19.5647318939209 0.00134438590168248 0.0624081097934222 0.0755030005549167 0.860744503749979 
11.3333333333333 0.464455261230469 0.0149347961425781 0.3759521484375 18.7386108398438 19.5939530456543 0.00135016076066684 0.0622847466160166 0.0879492431090312 0.848415849514285 
11.5 0.0853500366210938 0.0161972717285156 0 17.4201782226563 17.5217255310059 0 0.0582403038324318 0.0162561859822764 0.925503510185292 
11.6666666666667 0.338681030273438 0.0153538421630859 0.211871337890625 17.6353271484375 18.2012333587647 0.000764157014157014 0.0588688177973892 0.0644075197646626 0.875959505423791 
11.8333333333333 0.345660095214844 0.0153299743652344 0.278778076171875 18.6284545898437 19.2682227355957 0.00100194090266287 0.0619657507972587 0.0655040335278053 0.871528274772273 
12 0.236412048339844 0.0156930267333984 1.52611083984375 16.7351440429687 18.5133599578857 0.00549523039240993 0.0557725731789162 0.0448853630695279 0.893846833359146 
12.1666666666667 0.338741455078125 0.0153533386230469 0.5798583984375 22.3978637695313 23.3318169616699 0.00205599769547511 0.0735019176132352 0.0633292476968872 0.861112836994402 
12.3333333333333 0.345418395996094 0.0153312835693359 0.2548828125 18.2859375 18.9015699920654 0.000917157728200307 0.0608992731525004 0.0655366519157132 0.872646917203586 
12.5 0.0853500366210938 0.0161961639404297 0 17.6473754882812 17.7489216888428 0 0.0589588328991783 0.0162448749575908 0.924796292143231 
12.6666666666667 0.344512023925781 0.0153334991455078 0.25806884765625 18.3995361328125 19.01745050354 0.000928302924727239 0.0612565325020629 0.0653422114238562 0.872472953149354 
12.8333333333333 0.34007080078125 0.0154562622070312 0.211871337890625 18.0380859375 18.6054843383789 0.000758504662237304 0.0597678861672702 0.0641934472040834 0.875280161966409 
13 0.0844436645507813 0.0160931396484375 0 16.9795532226562 17.0800900268555 0 0.0572016699524527 0.0162066566160269 0.92659167343152 
13.1666666666667 0.333605346679687 0.0153703582763672 0.23258056640625 18.0088256835937 18.5903819549561 0.000837761226574245 0.0600376418742899 0.063359996327622 0.875764600571514 
13.3333333333333 0.0851687622070313 0.0161977752685547 0 17.4046875 17.5060540374756 0 0.0581918628071589 0.0162225930828106 0.92558554411003 
13.5 0.3446630859375 0.0153328948974609 0.28037109375 18.8349975585937 19.4753646331787 0.00100699172664752 0.0626108549130898 0.0652713728272437 0.871110780533019 
13.6666666666667 0.339708251953125 0.0153492095947266 0.2102783203125 18.2480712890625 18.8134070709229 0.000756919795172916 0.0607944217304792 0.0644758043706384 0.87397285410371 
13.8333333333333 0.0852291870117187 0.0161977752685547 0 17.4046875 17.5061144622803 0 0.0581911930575697 0.0162339157056373 0.925574891236793 
14 0.48170654296875 0.0149069000244141 2.5934326171875 28.3944946289063 31.4845406890869 0.00894063375253995 0.0905980559064199 0.0875610961612389 0.812900214179801 
14.1666666666667 0.338439331054688 0.0153245361328125 0.240545654296875 17.5458251953125 18.1401347167969 0.00086923984687563 0.058682324497021 0.0644849322165616 0.875963503439542 
14.3333333333333 0.0851385498046875 0.0161969696044922 0 17.7867919921875 17.8881275115967 0 0.0593966077145468 0.0161969847628791 0.924406407522574 
14.5 0.348711547851562 0.0153195007324219 0.708892822265625 24.268798828125 25.3417226989746 0.00249712409865043 0.0791223590808339 0.0647681041497152 0.8536124126708 
14.6666666666667 0.338167419433594 0.0153557556152344 0.240545654296875 17.6146728515625 18.2087416809082 0.000867536884680792 0.0587971687273062 0.0643068897366365 0.876028404651377 
14.8333333333333 0.0852896118164062 0.0161976745605469 0 17.287646484375 17.389133770752 0 0.0578221697705881 0.016251691085461 0.925926139143951 
15 0.349013671875 0.0153186950683594 0.708892822265625 24.1018432617188 25.1750684509277 0.00249845601033069 0.0786199539610353 0.0648587951266072 0.854022794902027 
15.1666666666667 0.214961242675781 0.0157641265869141 0.132220458984375 18.3444580078125 18.7074038360596 0.000475947450813985 0.0611162401298247 0.0407995917173675 0.897608220701994 
15.3333333333333 0.203661804199219 0.0158021942138672 0.100360107421875 17.521728515625 17.84155262146 0.000362287587337186 0.0585410736363898 0.0387647718450789 0.902331866931194 
15.5 0.344814147949219 0.0153323913574219 0.27718505859375 18.7644287109375 19.4017603088379 0.000995793630354537 0.0623916215984205 0.0653160500185996 0.871296534752625 
15.6666666666667 0.0851083374023437 0.0161980773925781 0 17.4218994140625 17.5232058288574 0 0.0582457230652373 0.0162100574861464 0.925544219448616 
15.8333333333333 0.333635559082031 0.0153702575683594 0.211871337890625 17.7248291015625 18.2857062561035 0.000763946328462457 0.0591512728609503 0.0634305210918114 0.876654259718776 
16 0.4945166015625 0.0148341888427734 2.1919921875 23.002001953125 25.7033449310303 0.00771270185586888 0.0749073747106336 0.091745279052952 0.825634644380546 
16.1666666666667 0.0852896118164062 0.0161962646484375 0 17.6473754882812 17.7488613647461 0 0.0589591719378953 0.0162334675100633 0.924807360552041 
16.3333333333333 0.338046569824219 0.0153552520751953 0.208685302734375 18.2188110351562 18.78089815979 0.000751241555700834 0.0607014646343002 0.0641652043262338 0.874382089483765 
16.5 0.343122253417969 0.0153388366699219 0.278778076171875 18.3392944335938 18.9765335998535 0.00100288257104707 0.0610612216828943 0.0650842134821802 0.872851682263878 
16.6666666666667 0.0851083374023437 0.0161980773925781 0 17.4218994140625 17.5232058288574 0 0.0582457230652373 0.0162100574861464 0.925544219448616 
16.8333333333333 0.338832092285156 0.0153523315429688 0.211871337890625 18.3392944335938 18.9053501953125 0.000762409213113438 0.061078723050554 0.0642888671057685 0.873870000630564 
17 0.350191955566406 0.0153142639160156 0.32178955078125 19.3771728515625 20.0644686218262 0.00115351450744359 0.0642884471524752 0.0661900329493995 0.868368005390682 
17.1666666666667 0.0850177001953125 0.0161972717285156 0 17.6508178710938 17.7520328430176 0 0.058969655497605 0.0161814344778411 0.924848910024554 
17.3333333333333 0.333393859863281 0.0153702575683594 0.234173583984375 18.2205322265625 18.8034699279785 0.000842938241871667 0.0607030219622685 0.0632777108779173 0.875176328917943 
17.5 0.0855010986328125 0.0161955596923828 0 17.6473754882812 17.7490721466064 0 0.0589591719378953 0.0162737205290397 0.924767107533065 
17.6666666666667 0.340886535644531 0.0153465911865234 0.25806884765625 18.3375732421875 18.9518752166748 0.000928441250300884 0.0610593400043557 0.0646642137478078 0.873348004997536 
17.8333333333333 0.340977172851562 0.0153457855224609 0.2357666015625 18.4425659179688 19.0346554779053 0.000848001466813348 0.0613941602493583 0.0646658415841584 0.87309199669967 
18 0.235626525878906 0.0156958465576172 1.52611083984375 17.0638916015625 18.8413248138428 0.0054891534785648 0.0568052897562541 0.0446867515441825 0.893018805220999 
18.1666666666667 0.345841369628906 0.0153284637451172 0.62764892578125 23.5235229492188 24.512341708374 0.00221703288973919 0.0769040317362068 0.0644121205300622 0.856466814843992 
18.3333333333333 0.34345458984375 0.0153370239257813 0.686590576171875 24.3462524414062 25.3916346313477 0.00241814223838057 0.0793610718373393 0.0637806054893512 0.854440180434929 
18.5 0.0855615234375 0.0161965667724609 0 17.4201782226563 17.5219363128662 0 0.0582403038324318 0.0162964667970998 0.925463229370468 
18.6666666666667 0.333816833496094 0.0153697540283203 0.27718505859375 18.8109008789063 19.4372725250244 0.000995599906161848 0.0625339734163381 0.0632205940412773 0.873249832636223 
18.8333333333333 0.335387878417969 0.0153644165039063 0.234173583984375 18.4322387695313 19.0171646484375 0.000842305510511629 0.0613622429392451 0.0636083909672761 0.874187060582967 
19 0.085682373046875 0.0161948547363281 0 17.6473754882812 17.7492527160645 0 0.0589595109805117 0.0163083168965894 0.924732172122899 
19.1666666666667 0.333937683105469 0.0153680419921875 0.256475830078125 18.7368896484375 19.3426712036133 0.00092157985117344 0.0623125357756153 0.0632684602175157 0.873497424155695 
19.3333333333333 0.335629577636719 0.01536240234375 0.230987548828125 18.595751953125 19.1777314819336 0.000830460132186344 0.0618778708147673 0.0636247007479868 0.87366696830506 
19.5 0.0857730102539063 0.0161958618164063 0 17.4218994140625 17.5238682861328 0 0.0582457230652373 0.016336653604249 0.925417623330514 
19.6666666666667 0.342759704589844 0.0153404479980469 0.680218505859375 23.7472778320313 24.7855964904785 0.0024002923072599 0.0775569858624469 0.0637735742994463 0.856269147530847 
19.8333333333333 0.0857730102539063 0.0161958618164063 0 17.4201782226563 17.5221470947266 0 0.0582403038324318 0.0163367476119231 0.925422948555645 
20 0.495422973632813 0.0148312683105469 1.78577270507812 17.6972900390625 19.993316986084 0.00640311644989747 0.0587304579284976 0.0936648559727196 0.841201569648885 
20.1666666666667 0.346445617675781 0.0153265502929688 0.622869873046875 23.9142333984375 24.8988754394531 0.00219736989996628 0.0780824997190064 0.0644430706979881 0.855277059683039 
20.3333333333333 0.0856521606445313 0.0161963653564453 0 17.4046875 17.506536026001 0 0.0581911930575697 0.0163144810441268 0.925494325898303 
20.5 0.34442138671875 0.0153337005615234 0.281964111328125 18.609521484375 19.2512406829834 0.00101346708808575 0.0619073794145939 0.0652741514360313 0.871805002061289 
20.6666666666667 0.349859619140625 0.0153158752441406 0.7072998046875 24.27568359375 25.3481588928223 0.00249144267998429 0.0791425845912126 0.0649795185455362 0.853386454183267 
20.8333333333333 0.0857730102539063 0.0161958618164063 0 17.4201782226563 17.5221470947266 0 0.0582403038324318 0.0163367476119231 0.925422948555645 
21 0.339134216308594 0.0153524322509766 0.2357666015625 17.7179443359375 18.3081975860596 0.00085002756846168 0.0591228634442198 0.0644699963242051 0.875557112663113 
21.1666666666667 0.349829406738281 0.0153168823242188 0.70411376953125 24.0639770507812 25.133237109375 0.0024818354352196 0.0785034869226364 0.065016227385538 0.853998450256606 
21.3333333333333 0.0857730102539063 0.0161958618164063 0 17.4201782226563 17.5221470947266 0 0.0582403038324318 0.0163367476119231 0.925422948555645 
21.5 0.343998413085937 0.0153358154296875 0.237359619140625 17.962353515625 18.5590473632813 0.000855088349564708 0.0598906175574315 0.0653425231419045 0.873911770951099 
21.6666666666667 0.34538818359375 0.0155907073974609 0.259661865234375 18.7661499023437 19.3867906585693 0.000919299076753013 0.0614915204529945 0.0644750125487144 0.873114167921538 
21.8333333333333 0.0843228149414063 0.015940869140625 0 17.2153564453125 17.3156201293945 0 0.0584635348168411 0.0163139097854233 0.925222555397736 
22 0.489289855957031 0.0148518127441406 2.03746948242187 21.0570556640625 23.5986668151855 0.00721856622004493 0.0690476459234008 0.0914031899402874 0.832330597916267 
22.1666666666667 0.177195739746094 0.0158901123046875 0.09876708984375 17.7799072265625 18.071760168457 0.000356237897966571 0.059353830419269 0.0336989559931281 0.906590975689636 
22.3333333333333 0.460285949707031 0.0149474853515625 0.395068359375 20.1086791992187 20.9789809936523 0.00141238111509767 0.0665356797084116 0.0867646221311009 0.84528731704539 
22.5 0.344270324707031 0.0153341033935547 0.715264892578125 24.2326538085938 25.3075231292725 0.00251983882010932 0.0790129415330048 0.0639500297441999 0.854517189902686 
22.6666666666667 0.0852896118164062 0.0161961639404297 0 17.6473754882812 17.7488612640381 0 0.0589595109805117 0.0162335608600394 0.924806928159449 
22.8333333333333 0.338650817871094 0.0153528350830078 0.237359619140625 17.9864501953125 18.5778134674072 0.000855058907246194 0.0599688965149176 0.0643245321565274 0.874851512421309 
23 0.327895202636719 0.0153878814697266 0.21346435546875 18.3083129882813 18.8650604278564 0.000768256115949341 0.0609846291444264 0.0622230121373 0.876024102602324 
23.1666666666667 0.0852896118164062 0.0161961639404297 0 17.6473754882812 17.7488612640381 0 0.0589595109805117 0.0162335608600394 0.924806928159449 
23.3333333333333 0.342578430175781 0.0153404479980469 0.29630126953125 19.2102172851563 19.8644374328613 0.00106278426622174 0.0637727698672091 0.0647898429821955 0.870374602884374 
23.5 0.343031616210938 0.0153391387939453 0.23258056640625 17.9847290039063 18.5756803253174 0.000837818916344355 0.0599614373759052 0.0651547669600946 0.874045976747656 
23.6666666666667 0.0852291870117187 0.0161965667724609 0 17.6508178710938 17.7522436248779 0 0.058969655497605 0.0162216868024128 0.924808657699982 
23.8333333333333 0.339134216308594 0.0153517272949219 0.2612548828125 18.5441162109375 19.1598570373535 0.000939284425633301 0.0617064048888609 0.0642894370593525 0.873064873626153 
24 0.236865234375 0.0156919189453125 1.52611083984375 17.0501220703125 18.8287900634766 0.00548934219573688 0.0567614027045611 0.0449232179692872 0.892826037130415 
24.1666666666667 0.338560180664063 0.0153528350830078 0.600567626953125 23.1207641601563 24.0752448028564 0.00212436255036204 0.0756937987772237 0.0631448454624856 0.859036993209929 
24.3333333333333 0.349678344726563 0.015315673828125 0.68818359375 24.5080444335938 25.5612220458984 0.0024225431094911 0.0798485910556568 0.0649039674751157 0.852824898359736 
24.5 0.085682373046875 0.0161949554443359 0 17.6473754882812 17.7492528167725 0 0.0589591719378953 0.0163082231167338 0.924732604945371 
24.6666666666667 0.333998107910156 0.0153682434082031 0.27718505859375 19.001953125 19.6285045349121 0.000995019185571078 0.063132251774165 0.0632180292901625 0.872654699750101 
24.8333333333333 0.335629577636719 0.0153628051757813 0.23258056640625 18.5372314453125 19.1208043945312 0.000836326350581132 0.0616933890120465 0.0636352700589438 0.873835014578428 
25 0.0857730102539063 0.0161958618164063 0 17.4201782226563 17.5221470947266 0 0.0582403038324318 0.0163367476119231 0.925422948555645 
25.1666666666667 0.342910766601562 0.01533984375 0.68499755859375 23.7472778320313 24.7905260009766 0.00241712901285575 0.077556113931095 0.063800963478867 0.856225793577182 
25.3333333333333 0.3441796875 0.0153352111816406 0.25806884765625 18.0484130859375 18.6659968322754 0.000929357366591324 0.0601558107782507 0.0653533279025207 0.873561503952637 
25.5 0.0857427978515625 0.0161959625244141 0 17.4201782226563 17.5221169830322 0 0.0582403038324318 0.0163309932098055 0.925428702957763 
25.6666666666667 0.348681335449219 0.0153201049804687 0.6818115234375 23.9968505859375 25.0426635498047 0.00240402168113011 0.0783104445755048 0.0648243322942118 0.854461201449153 
25.8333333333333 0.340191650390625 0.0153474975585938 0.2357666015625 18.4787109375 19.0700166870117 0.000847943164890569 0.0615102555288186 0.0645124326801879 0.873129368626103 
26 0.236835021972656 0.0156920196533203 1.52611083984375 16.847021484375 18.6256593658447 0.00549305627229046 0.0561232095962202 0.0449478790380844 0.893435855093405 
26.1666666666667 0.338650817871094 0.015352734375 0.60216064453125 22.8057861328125 23.7619503295898 0.00213216008122515 0.0747384155455904 0.0632258792340017 0.859903545139183 
26.3333333333333 0.0855917358398438 0.0161952575683594 0 17.6508178710938 17.752604864502 0 0.0589699945946568 0.0162907844648135 0.92473922094053 
26.5 0.327139892578125 0.0153920104980469 0.186383056640625 17.5991821289062 18.128097088623 0.000672382878948094 0.0587616661302929 0.0622270240448715 0.878338926945888 
26.6666666666667 0.460165100097656 0.0149505065917969 0.692962646484375 23.5372924804688 24.7053707336426 0.0024466379819455 0.0769144239151832 0.0856660760988779 0.834972862003993 oE-wB-
26.8333333333333 0.216411437988281 0.0157599975585937 0.578265380859375 23.3152587890625 24.1256956054687 0.00204433331080624 0.07628798630353 0.0403403843121353 0.881327296073528 
27 0.337532958984375 0.0153568634033203 0.2548828125 18.747216796875 19.3549894317627 0.000915787605959488 0.0623422412756921 0.0639448695861212 0.872797101532227 
27.1666666666667 0.343968200683594 0.0153351104736328 0.256475830078125 18.6818115234375 19.2975906646729 0.000921722303962261 0.0621389682435179 0.065178934351617 0.871760375100903 
27.3333333333333 0.0844134521484375 0.0161999908447266 0 17.2687133789062 17.3693268218994 0 0.0577644972594537 0.0160863156925061 0.92614918704804 
27.5 0.338832092285156 0.0153512237548828 0.2102783203125 18.10693359375 18.6713952301025 0.000757314974182444 0.0603557085484796 0.0643430866322433 0.874543889845095 
27.6666666666667 0.33451171875 0.0153652221679688 0.278778076171875 18.9640869140625 19.5927419311523 0.00100093229693944 0.0630186974153068 0.0633275565240767 0.872652813763677 
27.8333333333333 0.0847457885742188 0.0161978759765625 0 17.6508178710938 17.7517615356445 0 0.05897067280046 0.016129959746981 0.924899367452559 
28 0.485120544433594 0.0148646026611328 1.75391235351562 17.9881713867188 20.2420688873291 0.00628388790594144 0.0596484218937275 0.0916443125392386 0.842423377661092 
28.1666666666667 0.341551208496094 0.0154645202636719 0.2548828125 19.222265625 19.8341641662598 0.000908105408335272 0.063385757501802 0.0641633227576891 0.871542814332174 
28.3333333333333 0.0835977172851562 0.0160793426513672 0 17.6422119140625 17.741888973999 0 0.0593583507065091 0.0160238591614547 0.924617790132036 
28.5 0.337684020996094 0.0153557556152344 0.278778076171875 18.334130859375 18.9659487121582 0.00100296878761133 0.0610492772893479 0.0640581836521819 0.873889570270859 
28.6666666666667 0.0841415405273438 0.0162004943847656 0 17.4305053710938 17.5308474060059 0 0.0582755009264694 0.0160261943399049 0.925698304733626 
28.8333333333333 0.348167724609375 0.0153205078125 0.708892822265625 24.3015014648438 25.3738825195313 0.00249696996902635 0.0792240876240068 0.0646631054450779 0.853615836961889 
29 0.338106994628906 0.0153540435791016 0.240545654296875 17.9365356445313 18.5305423370361 0.000866700339792451 0.0598138029203784 0.0642334006795849 0.875086096060244 
29.1666666666667 0.0839300537109375 0.0162006958007813 0 17.6508178710938 17.7509486206055 0 0.0589703336956084 0.0159746062414822 0.925055060062909 
29.3333333333333 0.348439636230469 0.0153199035644531 0.713671875 24.1328247070312 25.2102561218262 0.00251510183916822 0.0787148278727179 0.0647470301587658 0.854023040129348 
29.5 0.3378955078125 0.0153560577392578 0.237359619140625 17.6921264648438 18.2827376495361 0.000855864394317979 0.0590431550952652 0.0642415260808878 0.875859454429529 
29.6666666666667 0.0844436645507813 0.0161997894287109 0 17.4046875 17.5053309539795 0 0.0581932023525891 0.0160848497404556 0.925721947906955 
29.8333333333333 0.348046875 0.0153216156005859 0.71048583984375 24.0656982421875 25.1395525726318 0.0025043939198257 0.0785121878632354 0.0646874842071572 0.854295934009782 
30 0.500710144042969 0.0148132415771484 2.12986450195312 22.2704956054688 24.915883493042 0.00751376868607396 0.0727155220860964 0.0931381364504889 0.826632572777341 
30.1666666666667 0.084473876953125 0.0161991851806641 0 17.6473754882812 17.748048550415 0 0.0589584938643604 0.0160780209543306 0.924963485181309 
30.3333333333333 0.332306213378906 0.0153737823486328 0.23258056640625 18.2274169921875 18.8076775543213 0.000837194366714069 0.060725262626726 0.0630705536951236 0.875366989311436 
30.5 0.214356994628906 0.0157671478271484 0.1338134765625 18.334130859375 18.6980684783936 0.000481667947291765 0.0610800830303795 0.0406837391194651 0.897754509902864 
30.6666666666667 0.213057861328125 0.0157710754394531 0.144964599609375 17.976123046875 18.349916583252 0.000522421048401449 0.0599578618626894 0.0404847608057914 0.899034956283118 
30.8333333333333 0.338318481445313 0.0153532379150391 0.21346435546875 18.1912719726563 18.7584080474854 0.000768551338082292 0.0606180529268041 0.0642256558495934 0.87438773988552 
31 0.0848968505859375 0.0161962646484375 0 17.6473754882812 17.7484686035156 0 0.0589635797960745 0.0161599199480122 0.924876500255913 
31.1666666666667 1.35418029785156 0.0119713623046875 2.10119018554687 31.7026245117188 35.1699663574219 0.00719067556369663 0.100413232151424 0.244352130489773 0.648043961795107 oB-
31.3333333333333 1.60678619384766 0.0111309539794922 1.82719116210937 26.953857421875 30.3989657318115 0.00635397220206407 0.086750832331581 0.294614911614973 0.612280283851382 
31.5 1.27145874023438 0.0124303894042969 2.3895263671875 34.1725341796875 37.8459496765137 0.00802705653188347 0.10624612025601 0.225207098058523 0.660519725153584 
31.6666666666667 1.22771118164062 0.0122067169189453 1.59620361328125 26.2963623046875 29.1324838165283 0.00562526315789474 0.0857712280701754 0.228131929824561 0.680471578947368 
31.8333333333333 1.71280151367188 0.0107853240966797 2.141015625 28.8351196289063 32.6997220916748 0.00738932506432671 0.0921081568472213 0.311693167073519 0.588809351014933 
32 1.28318115234375 0.0123060150146484 3.27683715820312 27.3635009765625 31.935825302124 0.011263703168293 0.0870541336750227 0.232567817678045 0.669114345478639 
32.1666666666667 0.7545849609375 0.0138615509033203 1.40185546875 25.2619262695313 27.4322282501221 0.00493899222108725 0.0823745327601109 0.140177579220313 0.772508895798489 
32.3333333333333 1.39230834960938 0.0118435638427734 1.72364501953125 27.064013671875 30.1918106048584 0.00599469231493742 0.087116951903952 0.255322921110514 0.651565434670597 
32.5 0.686395568847656 0.0142263153076172 1.1023681640625 23.5458984375 25.3488884857178 0.00387992419570069 0.0767013916144297 0.127381499714052 0.792037184475818 
32.6666666666667 1.15931030273437 0.0125888031005859 1.7268310546875 27.9538696289062 30.8525997894287 0.0059988931931378 0.0898782512451577 0.21235196458218 0.691770890979524 
32.8333333333333 0.895314331054688 0.0134993041992188 1.55000610351562 27.9814086914063 30.4402284301758 0.0053784243925089 0.0898633559599354 0.163807017931766 0.740951201715789 
33 1.44001373291016 0.0116855529785156 2.55360717773437 39.2345581054688 43.2398645690918 0.00852228926872059 0.121188760998432 0.253398548605758 0.61689040112709 
33.1666666666667 1.44424346923828 0.0116691375732422 2.892919921875 42.7148071289063 47.0636396575928 0.00954247610439973 0.130405082314366 0.251188868512456 0.608863573068778 
33.3333333333333 2.05698120117188 0.0096301025390625 2.99168701171875 40.2638305664063 45.3221288818359 0.00993761211563189 0.123786240799242 0.360272834547754 0.506003312537372 
33.5 1.55013793945312 0.0113175659179688 2.37200317382812 34.9832153320312 38.9166740112305 0.0080268676348503 0.109567551832325 0.276590009811215 0.60581557072161 
33.6666666666667 1.23580810546875 0.0123646270751953 1.84949340820312 30.3773071289063 33.4749732696533 0.00636195757599005 0.0967116186551666 0.224142560455036 0.672783863313807 
33.8333333333333 0.704855346679688 0.0141330596923828 1.27600708007812 33.2689086914063 35.2639041778564 0.0043580689565118 0.105164937403766 0.126933519045469 0.763543474594253 
34 1.0828125 0.0128747131347656 3.4727783203125 28.4168701171875 32.9853356506348 0.0119535893667888 0.0905292479108635 0.196521395828307 0.700995766894041 
34.1666666666667 1.41584381103516 0.0117663208007813 2.32102661132812 36.5873657226563 40.3360024658203 0.00781597849935359 0.114031746712944 0.251393411403711 0.626758863383991 
34.3333333333333 1.53122497558594 0.0113800048828125 2.31624755859375 32.7611572265625 36.620009765625 0.00789487973068361 0.103350165607862 0.275191399250692 0.613563555410762 
34.5 1.78781890869141 0.0105265045166016 2.86424560546875 36.8042358398438 41.4668268585205 0.00962109577752688 0.114420406568886 0.316645351854924 0.559313145798663 
34.6666666666667 1.52883819580078 0.011846484375 2.22544555664062 31.3618286132812 35.1279588500977 0.00743666590365871 0.0969960554263174 0.269375522349923 0.626191756320101 
34.8333333333333 1.04806823730469 0.0125339172363281 1.68063354492188 26.9572998046875 29.6985355041504 0.00599891962584937 0.0890569470900975 0.197253575185512 0.707690558098542 
35 1.66678802490234 0.0112931945800781 2.93593139648437 40.1433471679688 44.7573597839356 0.0095753690127966 0.121175437593844 0.286632410779694 0.582616782613665 
35.1666666666667 1.73062683105469 0.0104114959716797 3.36923217773438 44.3086303710938 49.4189008758545 0.0112187902802311 0.13655097786477 0.303846215050683 0.548384016804316 
35.3333333333333 1.77491821289063 0.0105122039794922 2.22225952148437 28.0984497070312 32.1061396453857 0.00771353213418781 0.0902676789180043 0.324841997003058 0.57717679194475 
35.5 1.6740087890625 0.0109047637939453 2.18721313476562 29.5339233398438 33.4060500274658 0.00753480663589817 0.0941658755028235 0.304070332179057 0.594228985682221 oE-
35.6666666666667 0.0845645141601563 0.016198681640625 0 17.4339477539063 17.534710949707 0 0.0582876806923856 0.0161069422705092 0.925605377037105 
35.8333333333333 0.331520690917969 0.0153756958007813 0.2357666015625 18.3565063476562 18.9391693359375 0.00084832227075237 0.061130790659284 0.0628962180876065 0.875124668982357 
36 0.483247375488281 0.014870947265625 1.91002807617187 19.8315673828125 22.2397137817383 0.00679782288241297 0.0653248667649393 0.0906848849075859 0.837192425445062 
36.1666666666667 0.0841415405273438 0.0161990844726562 0 17.6473754882812 17.7477161132812 0 0.0589625625395365 0.0160158721030537 0.92502156535741 
36.3333333333333 0.336777648925781 0.0153582733154297 0.256475830078125 18.4873168945313 19.0959286468506 0.000922361244786654 0.061534671616481 0.0638606260598561 0.873682341078876 
36.5 0.337563171386719 0.0153560577392578 0.237359619140625 18.6594360351563 19.2497148834229 0.00085316415107304 0.0620748494079384 0.0639758594626784 0.87309612697831 
36.6666666666667 0.084111328125 0.01620029296875 0 17.4218994140625 17.5222110351562 0 0.05824941013984 0.0160211774184267 0.925729412441733 
36.8333333333333 0.33427001953125 0.0153681427001953 0.259661865234375 18.1809448242187 18.7902448516846 0.000934681262221101 0.0605707863364508 0.0634436410135844 0.875050891387744 
37 0.215051879882812 0.0157648315429688 0.13062744140625 17.8883422851562 18.2497864379883 0.000470904423630214 0.0596842643266928 0.040876801065852 0.898968030183825 
37.1666666666667 0.208254089355469 0.0157869873046875 0.10513916015625 17.4408325195312 17.7700127563477 0.000379633251271196 0.0582852081080459 0.0396486666820054 0.901686491958677 
37.3333333333333 0.346868591308594 0.0153254425048828 0.712078857421875 24.27568359375 25.3499564849854 0.00250829082706261 0.0791430286910313 0.0644243556722724 0.853924324809634 
37.5 0.08435302734375 0.0162001922607422 0 17.6473754882812 17.7479287078857 0 0.0589564597373324 0.0160544655795018 0.924989074683166 
37.6666666666667 0.333091735839844 0.0153714660644531 0.21346435546875 18.072509765625 18.634437322998 0.000768820319806303 0.0602433832684044 0.0632555524318246 0.875732243979965 
37.8333333333333 0.348379211425781 0.0153197021484375 0.30267333984375 18.8694213867187 19.5357936401367 0.00108693164916135 0.0627159561566097 0.0659653097183131 0.870231802475916 
38 0.236049499511719 0.0156938323974609 1.52611083984375 16.9692260742188 18.7470802459717 0.00549107270799301 0.0565099016994813 0.0447826211561058 0.89321640443642 
38.1666666666667 0.343363952636719 0.01533662109375 0.638800048828125 23.2894409179688 24.2869415405273 0.00225807359855844 0.0761944984092125 0.0639975223132584 0.857549905678971 
38.3333333333333 0.349134521484375 0.0153179901123047 0.7072998046875 24.1207763671875 25.1925286834717 0.00249274353374467 0.0786786213556258 0.0648787033242195 0.85394993178641 
38.5 0.0848666381835937 0.0161980773925781 0 17.6473754882812 17.7484402038574 0 0.0589578158064219 0.0161525899346766 0.924889594258901 
38.6666666666667 0.337714233398438 0.0153565612792969 0.23895263671875 17.9158813476563 18.5079047790527 0.000860965544158923 0.0597452689943348 0.0641591523507229 0.875234613110783 
38.8333333333333 0.347956237792969 0.0153218170166016 0.2548828125 18.4133056640625 19.0314665313721 0.000916821380274588 0.0613009695386096 0.0659939489788902 0.871788260102226 
39 0.0848968505859375 0.0161983795166016 0 17.6473754882812 17.7484707183838 0 0.0589564597373324 0.0161579685810889 0.924885571681579 
39.1666666666667 0.342548217773437 0.0153402465820312 0.237359619140625 17.9227661132812 18.5180141967773 0.000855220865093213 0.0597678850215814 0.0650771420699789 0.874299752043347 
39.3333333333333 0.217348022460937 0.0159359344482422 0.13062744140625 18.3220825195312 18.6859939178467 0.000465485921889192 0.0604280199818347 0.0408378746594005 0.898268619436876 
39.5 0.215474853515625 0.0155828521728516 0.575079345703125 23.1982177734375 24.0043548248291 0.00205459181350453 0.0767085552975459 0.040590993944361 0.880645858944589 
39.6666666666667 0.348500061035156 0.0153198028564453 0.702520751953125 24.1965087890625 25.2628494049072 0.00247537256883051 0.0789088153574135 0.0647469899806348 0.853868822093121 
39.8333333333333 0.0846853637695313 0.0161988830566406 0 17.4201782226563 17.5210624694824 0 0.0582423147306271 0.0161301460517684 0.925627539217604 
40 1.20698547363281 0.0133570037841797 3.46322021484375 36.2465698242188 40.9301325164795 0.011102372659769 0.107545936449896 0.204020141562912 0.677331549327423 wE-oB-
40.1666666666667 0.939545288085938 0.0124564727783203 1.389111328125 25.8419677734375 28.1830808624268 0.005109185401323 0.0879693917608526 0.182208082121952 0.724713340715872 
40.3333333333333 0.0856219482421875 0.0161952575683594 0 17.6508178710938 17.7526350769043 0 0.058969655497605 0.0162964411194747 0.92473390338292 
40.5 0.956705932617188 0.013295068359375 1.16130981445312 25.7042724609375 27.8355832763672 0.0040647913239845 0.0832696757645878 0.176564721625917 0.736100811285511 
40.6666666666667 0.339134216308594 0.0153522308349609 0.25806884765625 18.3220825195312 18.9346378143311 0.000928499785069494 0.0610116062473134 0.0643358647370683 0.873724029230549 
40.8333333333333 0.0855917358398438 0.0161963653564453 0 17.4046875 17.5064756011963 0 0.0581918628071589 0.0163031593485642 0.925504977844277 
41 0.343786926269531 0.0153365203857422 0.69136962890625 23.7558837890625 24.806376864624 0.00243954536767434 0.0775820395498645 0.0639621814257288 0.856016233656732 
41.1666666666667 0.344632873535156 0.0153339019775391 0.262847900390625 18.0690673828125 18.6918820587158 0.000946475383035719 0.0602187792188423 0.0654329981472027 0.873401747250919 
41.3333333333333 0.0855917358398438 0.0161963653564453 0 17.4046875 17.5064756011963 0 0.0581918628071589 0.0163031593485642 0.925504977844277 
41.5 0.3494970703125 0.0153173858642578 0.23258056640625 18.39609375 18.993488772583 0.000836681012498639 0.0612496346683935 0.0662926435108511 0.871621040808257 
41.6666666666667 0.0854104614257813 0.0161971710205078 0 17.4218994140625 17.5235070465088 0 0.0582453878997825 0.0162675075669517 0.925487104533266 
41.8333333333333 0.333937683105469 0.0153679412841797 0.275592041015625 19.2257080078125 19.8506056732178 0.000988599674276408 0.0638303951541473 0.0631618046229892 0.872019200548587 
42 0.501405029296875 0.0148108245849609 2.62529296875 28.468505859375 31.6100146820068 0.00906236424325409 0.0909535828782905 0.0912615272943234 0.808722525584132 
42.1666666666667 0.0855313110351563 0.016195458984375 0 17.6473754882812 17.7491022583008 0 0.0589591719378953 0.016279470960322 0.924761357101783 
42.3333333333333 0.348318786621094 0.0153212127685547 0.25806884765625 18.2119262695313 18.8336351165771 0.000928861800271778 0.0606684364733067 0.0661039981193415 0.87229870360708 
42.5 0.349346008300781 0.0153178894042969 0.23258056640625 17.8952270507813 18.4924715148926 0.000838078618662748 0.0596815301249082 0.0663746785451874 0.873105712711242 
42.6666666666667 0.0853500366210938 0.0161972717285156 0 17.4218994140625 17.5234467224121 0 0.0582457230652373 0.0162560924381837 0.925498184496579 
42.8333333333333 0.348832397460938 0.0153190979003906 0.256475830078125 18.3031494140625 18.923776739502 0.000922874093605801 0.0609555472758018 0.0661832564271589 0.871938322203434 
43 0.349436645507813 0.0153167816162109 0.234173583984375 18.0776733398437 18.6766003509521 0.000843339624914662 0.0602557556495149 0.0663541911684557 0.872546713557115 
43.1666666666667 0.08531982421875 0.0161961639404297 0 17.6473754882812 17.7488914764404 0 0.0589591719378953 0.0162392179413456 0.924801610120759 
43.3333333333333 0.349617919921875 0.0153170837402344 0.686590576171875 23.9434936523438 24.9950192321777 0.00242123949485416 0.078148173115815 0.0650083142330682 0.854422273156263 
43.5 0.33958740234375 0.0155129608154297 0.237359619140625 18.2015991210938 18.7940591033936 0.00084657647881002 0.0600842031101743 0.0638625477974807 0.875206672613535 
43.6666666666667 0.0845040893554687 0.0160382537841797 0 16.9795532226562 17.0800955657959 0 0.0573823414787368 0.0162694788764346 0.926348179644829 
43.8333333333333 0.331581115722656 0.0153772064208984 0.191162109375 17.2136352539063 17.7517556854248 0.000690500440194031 0.0575474575198375 0.0631520194260791 0.878610022613889 
44 0.235928649902344 0.0156949401855469 1.52611083984375 17.081103515625 18.8588379455566 0.00548880753078144 0.0568590041080115 0.0447412296533113 0.892910958707896 
44.1666666666667 0.334088745117188 0.0153682434082031 0.64039306640625 23.6267944335938 24.6166444885254 0.00226110726760373 0.0772095011502399 0.0621973237939355 0.858332067788221 
44.3333333333333 0.345478820800781 0.0153310821533203 0.278778076171875 18.781640625 19.421228604126 0.00100140196274785 0.0624417041000258 0.0654344653944093 0.871122428542817 
44.5 0.287591857910156 0.0155232330322266 0.242138671875 17.9313720703125 18.4766258331299 0.000872410032715376 0.0597945244791368 0.0546346782988004 0.884698387189347 
44.6666666666667 0.344753723144531 0.0153326934814453 0.256475830078125 18.5234619140625 19.1400241607666 0.000922197464816162 0.061644031778581 0.065361461310666 0.872072309445937 
44.8333333333333 0.338922729492187 0.0153520294189453 0.2102783203125 18.35478515625 18.9193382354736 0.000756642114012209 0.0611275113926227 0.0643031154165831 0.873812731076782 
45 0.0857730102539063 0.0161958618164063 0 17.4201782226563 17.5221470947266 0 0.0582403038324318 0.0163367476119231 0.925422948555645 
45.1666666666667 0.33813720703125 0.0153555541992187 0.259661865234375 18.2549560546875 18.8681106811523 0.000934434781611699 0.0608013208206974 0.0641606998515223 0.874103544546169 
45.3333333333333 0.340282287597656 0.0153482025146484 0.234173583984375 18.3771606445313 18.9669647186279 0.000842455155023211 0.0611897529944409 0.0645481116396355 0.8734196802109 
45.5 0.0857125854492188 0.0161948547363281 0 17.6473754882812 17.7492829284668 0 0.0589591719378953 0.0163139735480161 0.924726854514089 
45.6666666666667 0.338801879882813 0.0153530364990234 0.256475830078125 18.2084838867188 18.8191146331787 0.000923138671483042 0.0606576646311746 0.0642986152919928 0.87412058140535 
45.8333333333333 0.215656127929687 0.0157634216308594 0.109918212890625 17.8470336914063 18.1883714538574 0.000396319398973016 0.0595570412746551 0.0409989546357882 0.899047684690584 
46 0.366355590820313 0.0152604858398438 1.67107543945312 17.2910888671875 19.3437803833008 0.00600275817868649 0.0574868528723398 0.069389366706151 0.867121022242823 
46.1666666666667 0.339315490722656 0.0153507202148438 0.57667236328125 22.6973510742188 23.6286896484375 0.00204279716491355 0.0744153762809805 0.0633774998871383 0.860164326666968 
46.3333333333333 0.0855917358398438 0.0161953582763672 0 17.6508178710938 17.75260496521 0 0.058969655497605 0.016290690787393 0.924739653715002 
46.5 0.345176696777344 0.0153316864013672 0.281964111328125 18.6181274414063 19.2605999359131 0.00101340906228172 0.0619324622977476 0.0654135510540599 0.871640577585911 
46.6666666666667 0.339194641113281 0.0153515258789063 0.211871337890625 18.1861083984375 18.7525259033203 0.000762780881155298 0.0605980660923825 0.0643890297197784 0.874250123306684 
46.8333333333333 0.0855615234375 0.0161951568603516 0 17.6508178710938 17.7525745513916 0 0.05897067280046 0.0162852213916044 0.924744105807936 
47 0.339013366699219 0.0153514251708984 0.2548828125 18.5699340820313 19.1791816864014 0.000916354056298502 0.0617908994587784 0.0642650554107843 0.873027691074139 
47.1666666666667 0.332729187011719 0.0153724731445312 0.234173583984375 18.2670043945312 18.8492796386719 0.000842807753831335 0.0608484264721902 0.0631417809043843 0.875166984869594 
47.3333333333333 0.0855615234375 0.0161951568603516 0 17.6508178710938 17.7525745513916 0 0.05897067280046 0.0162852213916044 0.924744105807936 
47.5 0.337804870605469 0.0153554534912109 0.25806884765625 18.609521484375 19.2207506561279 0.00092767565710359 0.061913760522247 0.064026799518983 0.873131764301666 
47.6666666666667 0.343122253417969 0.0153374267578125 0.2548828125 18.8797485351563 19.493091027832 0.000915426073623142 0.0627581787598265 0.0649780869883626 0.871348308178188 
47.8333333333333 0.0857730102539063 0.0161947540283203 0 17.6473754882812 17.7493432525635 0 0.0589588328991783 0.0163253805326019 0.92471578656822 
48 0.499924621582031 0.0148162628173828 2.19517822265625 22.7162841796875 25.4262032867432 0.00773097551670743 0.074044568120105 0.0928334193577343 0.825391037005453 
48.1666666666667 0.0855313110351563 0.0161966674804688 0 17.4218994140625 17.5236273925781 0 0.0582457230652373 0.0162906186522117 0.925463658282551 
48.3333333333333 0.349527282714844 0.0153176879882813 0.686590576171875 23.7128540039063 24.7642895507812 0.0024230226504832 0.0774523968809908 0.0650393249267752 0.855085255541751 
48.5 0.350373229980469 0.0153144653320312 0.6818115234375 23.9366088867188 24.9841081054688 0.00240449438202247 0.0781292134831461 0.0651516853932584 0.854314606741573 
48.6666666666667 0.0855010986328125 0.0161955596923828 0 17.6473754882812 17.7490721466064 0 0.0589591719378953 0.0162737205290397 0.924767107533065 
48.8333333333333 0.342699279785156 0.0153393402099609 0.2612548828125 18.3324096679688 18.9517031707764 0.000939973520258149 0.0610466949040826 0.0650129246359036 0.873000406939756 
49 0.349768981933594 0.0153154724121094 0.230987548828125 18.6060791015625 19.2021511047363 0.000830422083500372 0.0619093980871657 0.0663020445564401 0.870958135272894 
49.1666666666667 0.085440673828125 0.0161958618164063 0 17.6508178710938 17.7524544067383 0 0.058969655497605 0.0162619391269846 0.92476840537541 
49.3333333333333 0.345146484375 0.0153316864013672 0.32178955078125 19.3875 20.0697677215576 0.00115343546756962 0.0643183025084366 0.0652319147599769 0.869296347264017 
49.5 0.344934997558594 0.0153328948974609 0.234173583984375 17.9382568359375 18.5326983123779 0.000843678437989635 0.0598150794607345 0.065525692017195 0.873815550084081 
49.6666666666667 0.0855010986328125 0.0161963653564453 0 17.659423828125 17.7611212921143 0 0.0589943363137165 0.0162723169364345 0.924733346749849 
49.8333333333333 0.3441796875 0.015335009765625 0.2612548828125 18.2859375 18.9067070800781 0.000940086671405315 0.0608992731525004 0.0653016302478619 0.872859009928232 
50 0.490226440429687 0.0149314727783203 2.04384155273437 21.4512084960938 24.0002079620361 0.00719828094054545 0.0699237532050023 0.0910360923938352 0.831841873460617 
50.1666666666667 0.0848666381835937 0.0161145904541016 0 17.2067504882813 17.3077317169189 0 0.0578466488059762 0.0162539998495536 0.92589935134447 
50.3333333333333 0.349527282714844 0.0153165802001953 0.705706787109375 24.2791259765625 25.3496766265869 0.00248587316996526 0.0791551398093229 0.0649188864634947 0.853440100557217 
50.5 0.0859542846679688 0.0161941497802734 0 17.6473754882812 17.7495239227295 0 0.0589588328991783 0.0163598829218923 0.924681284178929 
50.6666666666667 0.3441796875 0.0153353118896484 0.2357666015625 17.824658203125 18.4199398040771 0.000849739623703142 0.0594588077234442 0.0654069850893662 0.874284467563486 
50.8333333333333 0.344934997558594 0.0153329956054688 0.2612548828125 18.0621826171875 18.6837054931641 0.00094076075421478 0.0601972155776214 0.0654918629931106 0.873370160675053 
51 0.0859542846679688 0.0161950561523438 0 17.4201782226563 17.5223275634766 0 0.0582409741164014 0.0163714624405851 0.925387563443014 
51.1666666666667 0.3494970703125 0.0153167816162109 0.68499755859375 24.0588134765625 25.108624887085 0.00241482138745528 0.078498542683372 0.0649643111862389 0.854122324742934 
51.3333333333333 0.341430358886719 0.01534306640625 0.2548828125 18.4666625976563 19.0783188354492 0.000916684809386852 0.0614694457494471 0.0647465939430051 0.872867275498161 
51.5 0.0858938598632813 0.0161942504882812 0 17.6473754882812 17.7494635986328 0 0.0589591719378953 0.0163484761357102 0.924692351926394 
51.6666666666667 0.34611328125 0.0153286651611328 0.2548828125 18.3909301757812 19.0072549346924 0.000916852902412469 0.0612285828892327 0.0656466678127328 0.872207896395622 
51.8333333333333 0.346868591308594 0.0153264495849609 0.234173583984375 18.0811157226562 18.6774843475342 0.000843276732446076 0.0602627351996329 0.0658616337769619 0.873032354290959 
52 0.237016296386719 0.0156909118652344 1.52611083984375 16.7351440429687 18.5139620910644 0.00549526191404906 0.0557728931005208 0.0450003441708923 0.893731500814538 
52.1666666666667 0.342789916992188 0.0153389373779297 0.6180908203125 23.0536376953125 24.0298573699951 0.00218666696723945 0.0754850962866112 0.0639431015729349 0.858385135173214 
52.3333333333333 0.214538269042969 0.0157661407470703 0.109918212890625 17.921044921875 18.2612675445557 0.000396244293220777 0.0597926895799236 0.0407787061762426 0.899032359950613 
52.5 0.210066833496094 0.0157814483642578 0.101953125 17.8642456054688 18.1920470123291 0.000367602713367528 0.0596148212818996 0.0399365885319441 0.900080987472789 
52.6666666666667 0.342880554199219 0.0153397430419922 0.281964111328125 18.2979858398438 18.9381702484131 0.00101446617299801 0.0609310163002361 0.0650461954652789 0.873008322061487 
52.8333333333333 0.0858334350585938 0.0161955596923828 0 17.4046875 17.506716494751 0 0.0581918628071589 0.0163491972147091 0.925458939978132 
53 0.338318481445313 0.0153538421630859 0.21346435546875 18.3238037109375 18.8909403900146 0.000768185648686919 0.0610306299695592 0.0641950962238516 0.874006088157902 
53.1666666666667 0.343363952636719 0.0153373260498047 0.278778076171875 18.4735473632812 19.1110267181396 0.00100247468035379 0.061483204252784 0.0651035699555474 0.872410751111315 
53.3333333333333 0.08580322265625 0.0161944519042969 0 17.6508178710938 17.7528155456543 0 0.0589703336956084 0.016331130930817 0.924698535373575 
53.5 0.711018676757812 0.0141116088867188 0.66588134765625 20.8711669921875 22.2621786254883 0.00237227727267568 0.068818742125515 0.133562615634329 0.79524636496748 oE-wB-
53.6666666666667 0.345055847167969 0.0153306793212891 0.28037109375 18.4821533203125 19.1229109405518 0.0010082262092986 0.0615132558832291 0.0654258610022685 0.872052656905204 
53.8333333333333 0.0851385498046875 0.0161975738525391 0 17.4201782226563 17.5215143463135 0 0.0582416444157996 0.0162162784274008 0.9255420771568 
54 0.495090637207031 0.0148317718505859 2.13145751953125 21.9056030273438 24.5469829559326 0.0075284002993355 0.0716098285572817 0.0922032105420111 0.828658560601372 
