10 0.523369445800781 0.0312148498535156 2.19517822265625 41.1795043945312 43.9292669128418 0.00449154006368991 0.0779826531377221 0.0564636781736577 1.01028360587877
20 1.30222936597439 0.0947720732724303 2.76676061086357 114.662020140141 118.825782190252 0.00176482302732782 0.0676925018671487 0.0437978075248648 0.956239153955602
30 2.43526155984276 0.124054833595342 4.27603073413431 159.992207704593 166.827554832165 0.00204540877044755 0.0708320034805991 0.0614214716292125 0.938662676049664
40 2.88533169833544 0.155676641559419 4.80569431139155 198.434449447188 206.281152098475 0.00183815875559466 0.0702482233231305 0.0581912827243768 0.941904544402138
50 3.22563060063534 0.187180520210787 5.19513985464311 235.585604768408 244.193555743897 0.0016594595361063 0.0696481479798779 0.0543274552364905 0.945772401609622
60 4.1364940376497 0.217129769357431 6.76045574034386 285.052385616793 296.166465164144 0.00185099714548506 0.072234696787898 0.0597169318305233 0.940385035037706
70 4.45780562960519 0.249127520247551 7.08612378571637 322.31537614292 334.108433078489 0.00169713750413442 0.0714464606433475 0.0562943401444125 0.943814324541901
80 4.78279073402181 0.281071392147192 7.36916211970171 359.828290185106 372.261314430976 0.00156867170994504 0.0708925596955634 0.0536822414365926 0.946427086606626
90 5.86254196280436 0.310457884901868 8.73392729911351 403.502639295458 418.409566442278 0.00167335165460262 0.0715509531869868 0.0592241610888273 0.9408857746374
100 6.2519169947344 0.342205678573272 9.0822170713802 441.240321385002 456.91666112969 0.00158169665595719 0.0711210091117343 0.0574089799798445 0.942703444403456
110 6.69509096075974 0.373756688559609 9.46717249355694 477.790272396054 494.32629253893 0.00151125142836794 0.0705903177348302 0.0563518559906463 0.943760878501726
120 7.12880681945645 0.404944444781584 9.89030192858387 515.388752094631 532.812805287453 0.00145861701328766 0.0703490213637942 0.0554349780044645 0.944677852466008
130 7.48526985111233 0.436783076894633 10.2639870068154 551.518971996517 569.705011931339 0.00140545450945776 0.0698960374324304 0.0540435003089904 0.946069553428687
140 8.06331297555076 0.468066606403072 10.9945867882765 592.589817199078 612.115783569309 0.00140447830416867 0.070061867046972 0.0543106434940895 0.945802252830542
150 8.783619608159 0.498342653057257 11.6640833303727 630.970542428893 651.916588020482 0.00139772301798084 0.0699795244395711 0.0554982554461544 0.94461562862065
160 9.06484509938318 0.530419963240639 11.9210856582689 667.1562152529 688.672565973792 0.00134439771772198 0.0696355312610333 0.0539023442786956 0.946211848876562
170 9.39729387827611 0.562415800464298 12.3364538369335 705.230370772087 727.526534287761 0.00131367185104918 0.0695054664287287 0.0527636308406265 0.947350377428362
180 10.3598811852741 0.592297474488155 13.1848705172642 744.683392550307 768.820441727333 0.0013298995210112 0.0695194020614 0.0550976458870617 0.94501652843867
190 10.7846989049569 0.623963291791331 13.6263778612976 783.113374531865 808.148414589911 0.00130553168753981 0.0694421294055842 0.0544816588725087 0.945632942892407
200 11.1254517562282 0.655460020169712 13.9920685753064 820.107922536511 845.880902888216 0.00127740122983702 0.0692959433525821 0.0535547958607458 0.94656005915674
210 11.7992988831409 0.686374253447935 14.7545414434927 860.26849100247 887.508705582552 0.00128546050984941 0.0693678825860009 0.0542031509012796 0.945911641094597
220 12.264096334659 0.717890519255523 15.2153019084671 898.139589145125 926.336877907507 0.00126783698241497 0.0692656765835088 0.0538832401621481 0.946231981638705
230 12.6598949751168 0.749601151457559 15.5140552136346 935.305497045051 964.229048385259 0.00123880485898728 0.0691229800378531 0.0533019354046652 0.94681335586399
240 13.1802614350578 0.780526664011115 16.0886586400711 973.231664122518 1003.28111086166 0.00123379583004481 0.069076621803264 0.0532945493272912 0.946820751652804
250 13.7282080548456 0.811818753792175 16.6914969488217 1012.2236613203 1043.45518507776 0.00123059306057263 0.0690696186764327 0.0533664526018553 0.946748917392514
260 14.1534914878548 0.843499173614444 17.1206513628928 1050.31364091496 1082.43128293933 0.00121532780410143 0.0690054758570877 0.0529751318882164 0.947140428384844
270 14.6811684583565 0.874430124403464 17.7619537963518 1088.91292451942 1122.23047689853 0.00121621369652113 0.0690086776551049 0.0530047858653909 0.947110884867018
280 15.0895939832528 0.906128973827533 18.2006050418649 1126.26174655326 1160.4580745522 0.00120317124297548 0.0689084292531934 0.0525962136178614 0.947519591163173
290 15.6733456818224 0.937302127373486 18.8275551885014 1165.55938835127 1200.99759134897 0.00120296055507139 0.0689260298369301 0.0528024991746362 0.947313275896598
300 16.156092022332 0.968416266079803 19.3761475103503 1204.02750398245 1240.52815978121 0.00119838308185758 0.0689217099782269 0.0526865624398602 0.947429440239567
310 16.574579634671 1.00013727124714 19.8563649017322 1242.85677639085 1280.2878581985 0.00118954895418286 0.0689120322701077 0.0523552701955925 0.947760816074528
320 17.0408652089283 1.03170117186118 20.3510283737833 1281.78525628087 1320.20885103544 0.00118208907487858 0.0689081379609061 0.0521904201845616 0.947925771447243
330 17.7296636823561 1.06220653062091 21.2232139989895 1321.96659275958 1361.98167697154 0.00119668870772863 0.0689893286970159 0.0527115571162999 0.947404776727676
340 18.4025637095018 1.09314060347652 22.0262984689103 1361.82218884791 1403.3441916298 0.0012062802933871 0.0690269236077723 0.0531398533336504 0.946976718985196
350 18.9163959186379 1.12404849220691 22.9633064947486 1404.18440028531 1447.1881511909 0.00122303851695778 0.0692183519770777 0.0531226113561514 0.946994207360752
360 19.6268854604505 1.15487762727783 23.7758458069145 1444.860693354 1489.41830224864 0.00123186608268647 0.0692859055997514 0.0536184454831446 0.946498769089142
370 20.0934945490538 1.18642259487622 24.2572357436792 1483.40216848434 1528.93932137195 0.00122361768807692 0.0692555760510051 0.0534435402400988 0.946673912836361
380 20.6227715283324 1.21727942458513 25.2059073576105 1525.96113640434 1573.00709471487 0.00123922000386129 0.0694354015910543 0.0534599340227049 0.946657595989658
390 21.1393574052791 1.24862891793756 25.7364639781474 1563.74376806356 1611.86821836493 0.00123358180657398 0.0693706987567787 0.0534252013993428 0.946692704062968
400 21.6651282359671 1.27994688963393 26.2565355401715 1601.60002598514 1650.80163665092 0.0012277294812028 0.0693123668042687 0.0534148281015131 0.946703047554949
410 22.3280933081984 1.31082194751511 27.2991335707032 1646.54402339277 1697.48207221919 0.00124599315746322 0.0695555100688146 0.0537345653956839 0.946383285244321
420 22.856125646595 1.34180758283348 27.9569819710574 1685.12806753786 1737.28298273835 0.00124655240480795 0.0695415819310805 0.0537351143882863 0.946383281210679
430 23.2562125377078 1.37352012854111 28.3510023663669 1722.55953298922 1775.54026802184 0.00123533187481695 0.0694673718661628 0.053430535327287 0.946687887786074
440 23.8221391708248 1.40475743308666 28.9334191185448 1761.3630506085 1815.52336633096 0.0012325726630668 0.0694469303195831 0.053509246963641 0.946609100115191
450 24.3504161402045 1.43569029737245 29.5712913672489 1799.76833263994 1855.12573044477 0.00123259420838726 0.0694317061608842 0.0535169714234669 0.946601440094956
460 24.7292032802741 1.46747877692328 29.9621575497629 1837.17773028684 1893.3365698938 0.00122225443109489 0.0693635174851549 0.0531904874194769 0.946927936225311
470 25.1448540676499 1.49917953971314 30.390056621579 1875.21191333044 1932.24600355938 0.00121379851754747 0.0693197273645289 0.0529540914808829 0.947164262063149
480 25.9062242613059 1.52983293923058 31.1938488477891 1915.4240493191 1974.05395536742 0.00122031561469718 0.0693520878268028 0.0534370695970555 0.946681250277394
490 26.3168482311396 1.56114688267674 31.6720666836592 1953.58421886043 2013.1342806579 0.00121446485703077 0.0693317378758032 0.053208097829488 0.946910382239953
500 26.7166365454178 1.5928891372136 32.0568151281468 1991.97855987721 2052.34490068798 0.0012050458455568 0.0693041523184342 0.0529541849472084 0.947164279032817
510 27.2333169717352 1.62390115794268 32.6950022659397 2030.20382108224 2091.75604147786 0.00120557285871602 0.069285623594424 0.0529478024183297 0.947170677889342
520 27.7481206975158 1.65523010684589 33.1941931421423 2067.33469557162 2129.93223951813 0.00120083736995851 0.0692188325850984 0.0529286675902686 0.947189812229276
530 28.210808085953 1.68682029228945 33.7127216527704 2106.17659677642 2169.78694680743 0.00119690529728662 0.0692073397790377 0.0528100780261184 0.947308325735642
540 29.0525720611571 1.71670659892252 35.0420653054726 2152.59740112127 2218.40874508682 0.00122167418541024 0.0694576224268538 0.0534054523497587 0.946713002975559
550 29.3723146958514 1.74868320113734 35.3505860654008 2189.66769734426 2256.13928130665 0.00121037797448479 0.0693895393694302 0.0530270997924995 0.947091840452812
560 29.703009991713 1.78061035550981 35.6272796450008 2227.0914410971 2294.20234108932 0.00119841591105721 0.0693352924445761 0.0526818082770761 0.947437044844771
570 30.4359226690707 1.81111370007281 36.6304399414835 2269.68847786628 2338.5659541769 0.00121093421872058 0.0694442143603347 0.0530518090030856 0.947066982103764
580 30.7986004161547 1.84296884836807 36.9601895457475 2307.65521148219 2377.25697029246 0.00120107153272473 0.0694059980870311 0.0527716864700805 0.947347342990214
590 31.1668484309567 1.87476941278695 37.2400353425815 2344.58859393532 2414.87024712164 0.00118996520139071 0.0693397423774184 0.0525112521379793 0.947607739873157
600 32.050006250612 1.90489671366153 38.0265402269018 2383.38608408515 2455.36752727632 0.00119512182567883 0.0693283975794174 0.0531115273646498 0.947007371636945
610 32.3881167753239 1.93640643352786 38.3996464416551 2419.68291701836 2492.40708666887 0.00118758169510396 0.0692605804071553 0.0528149987816104 0.947303952282237
