0.166666666666667 0.0896401977539062 0.0161818634033203 0 17.8005615234375 17.9063835845947 0 0.0594401977125122 0.0170527041784011 0.923507098109087 
0.333333333333333 0.218193969726563 0.0157528472900391 0.57667236328125 23.8953002929688 24.7059194732666 0.00203498830724951 0.0780434880374168 0.0405985788810937 0.87932294477424 
0.5 0.337714233398438 0.0153528350830078 0.58623046875 24.3600219726563 25.2993195098877 0.00206569818353279 0.0794451804117924 0.0627455823248086 0.855743539079866 
0.666666666666667 0.249977416992188 0.0156448883056641 0.5926025390625 24.172412109375 25.0306369537354 0.00208942984402294 0.0788815933587585 0.0464729637888328 0.872556013008386 
0.833333333333333 0.0838998413085938 0.0161975738525391 0 17.7162231445312 17.8163205596924 0 0.0591868067415343 0.0159683048985952 0.924844888359871 
1 0.107979125976563 0.0161191223144531 0.087615966796875 25.3806884765625 25.5924026916504 0.000308238946831584 0.0826416638177915 0.0200299271995651 0.897020170035812 
1.16666666666667 0.0848968505859375 0.0161987823486328 0.020709228515625 24.234375 24.3561798614502 7.31356046626761e-05 0.0792114856654215 0.0158085422386246 0.904906836491291 
1.33333333333333 0.0840206909179688 0.0162017028808594 0 17.6508178710938 17.7510402648926 0 0.0589659256874087 0.0159906620513587 0.925043412261233 
1.5 0.0868606567382812 0.0161918334960938 0.04141845703125 30.8213745117188 30.9658454589844 0.000143181267484636 0.0986133444941296 0.0158325440007049 0.885410930237681 
1.66666666666667 0.0837185668945312 0.0162027099609375 0 17.6473754882812 17.7472967651367 0 0.0589551037306224 0.0159333456000736 0.925111550669304 
1.83333333333333 0.0838092041015625 0.0162024078369141 0 17.6508178710938 17.7508294830322 0 0.0589659256874087 0.0159504122727325 0.925083662039859 
2 0.234176330566406 0.0157015869140625 1.5229248046875 17.2566650390625 19.0294677612305 0.0054739614646855 0.0574078845658335 0.0443814595321939 0.892736694437287 
2.16666666666667 0.0839300537109375 0.0162020050048828 0 17.6473754882812 17.7475075469971 0 0.0589551037306224 0.015973595841575 0.925071300427803 
2.33333333333333 0.375056762695313 0.0152313812255859 0.8602294921875 26.7042846679688 27.9548023040771 0.00300480769230769 0.0863325765669516 0.0690771901709402 0.841585425569801 
2.5 0.0846551513671875 0.0161957611083984 0 17.6473754882812 17.7482264007568 0 0.0589679883133764 0.016115117843956 0.924916893842668 
2.66666666666667 0.113417358398438 0.0161008941650391 0.119476318359375 17.9330932617188 18.1820878326416 0.000430725053840632 0.0598363244795406 0.0215592246949031 0.918173725771716 
2.83333333333333 0.0856521606445313 0.0161949554443359 0.02230224609375 24.234375 24.3585243621826 7.87667379318105e-05 0.0792168335771351 0.0159502644311916 0.904754135253741 
3 0.084232177734375 0.0161997894287109 0 17.6473754882812 17.7478074554443 0 0.0589591719378953 0.0160322024151811 0.925008625646924 
3.16666666666667 0.0835675048828125 0.0162022064208984 0 17.6508178710938 17.7505875823975 0 0.058969316404453 0.015905327077008 0.925125356518539 
3.33333333333333 0.0840811157226563 0.0162003936767578 0 17.6473754882812 17.7476569976807 0 0.0589588328991783 0.0160033582325576 0.925037808868264 
3.5 0.0840509033203125 0.0162003936767578 0 17.6473754882812 17.7476267852783 0 0.0589591719378953 0.0159976998274871 0.925043128234618 
3.66666666666667 0.0837789916992187 0.0162015014648438 0 17.6508178710938 17.7507983642578 0 0.058969316404453 0.0159455791701168 0.92508510442543 
3.83333333333333 0.0842926025390625 0.0161996887207031 0 17.6473754882812 17.747867779541 0 0.0589588328991783 0.0160436110200631 0.924997556080759 
4 0.495362548828125 0.0149526214599609 2.21588745117187 23.55966796875 26.28587059021 0.00772992497916088 0.0760655737704918 0.0911141983884412 0.825090302861906 
4.16666666666667 0.08386962890625 0.0160804504394531 0 16.9795532226562 17.079503302002 0 0.0572498041377709 0.0161100310477904 0.926640164814439 
4.33333333333333 0.340161437988281 0.0153487060546875 0.622869873046875 24.695654296875 25.6740343139648 0.00219163032633432 0.0804233041489636 0.0631088640516575 0.854276201473045 
4.5 0.0848666381835937 0.0161988830566406 0 17.4201782226563 17.5212437438965 0 0.0582403038324318 0.0161641155483945 0.925595580619174 
4.66666666666667 0.0839300537109375 0.0162021057128906 0 17.4218994140625 17.5220315734863 0 0.0582453878997825 0.0159855451082391 0.925769066991978 
4.83333333333333 0.855615234375 0.0136315338134766 1.65992431640625 35.7577514648438 38.2869225494385 0.00561743236978015 0.111998231748736 0.1526734018351 0.729710934046384 
5 0.0849270629882812 0.0161974731445313 0 17.6490966796875 17.7502212158203 0 0.0589645832973933 0.0161643693825797 0.924871047320027 
5.16666666666667 0.324964599609375 0.015399462890625 0.6053466796875 24.2171630859375 25.162873828125 0.00213341717288539 0.0789925779539406 0.0603869345040928 0.858487070369081 
5.33333333333333 0.0848968505859375 0.0161987823486328 0 17.4218994140625 17.5229950469971 0 0.0582457230652373 0.0161697769031137 0.925584500031649 
5.5 0.207045593261719 0.0157920227050781 0.132220458984375 18.086279296875 18.4413373718262 0.000476316182124944 0.0603027764068544 0.0393276481458101 0.899893259265211 
5.66666666666667 0.084111328125 0.0162016021728516 0 17.4201782226563 17.5204911529541 0 0.0582396335638904 0.0160200711235916 0.925740295312518 
5.83333333333333 0.0842623901367188 0.0162008972167969 0 17.4218994140625 17.522362701416 0 0.0582457230652373 0.0160489351540157 0.925705341780747 
6 0.233300170898438 0.0157038024902344 1.52133178710938 17.273876953125 19.044212713623 0.00546817294313673 0.0574644855050473 0.044214902059583 0.892852439492233 
6.16666666666667 0.0842623901367188 0.0161996887207031 0 17.6473754882812 17.7478375671387 0 0.0589591719378953 0.0160379528464635 0.925002875215641 
6.33333333333333 0.0841415405273438 0.0162001922607422 0 17.6508178710938 17.7511596038818 0 0.058969655497605 0.0160146748474724 0.925015669654923 
6.5 0.207045593261719 0.015791015625 0.326568603515625 20.8384643554688 21.3878695678711 0.00116500440428494 0.0688034552325747 0.0389452447929986 0.891086295570142 
6.66666666666667 0.717937316894531 0.0140887481689453 0.75509033203125 23.3841064453125 24.8712228424072 0.00266711681296421 0.0764460949808688 0.133710330857529 0.787176457348638 
6.83333333333333 0.0849270629882812 0.0161981781005859 0 17.6559814453125 17.7571066864014 0 0.0589838539031234 0.0161633469800819 0.924852799116795 
7 0.213390197753906 0.0157707733154297 0.173638916015625 25.2034057617188 25.6062056488037 0.000610938603472822 0.0820731556940599 0.0395877005167756 0.877728205185692 
7.16666666666667 0.21632080078125 0.0157611053466797 0.16885986328125 18.7265625 19.1275042694092 0.000606931617129213 0.0622963773053381 0.0409965130060865 0.896100178071446 
7.33333333333333 0.0846853637695313 0.0161994873046875 0 17.4218994140625 17.5227842651367 0 0.0582457230652373 0.016129496320081 0.925624780614682 
7.5 0.0842019653320313 0.0162013000488281 0 17.4046875 17.5050907653809 0 0.0581908581885563 0.0160381647321506 0.925770977079293 
7.66666666666667 0.218677368164062 0.0157530487060547 0.23258056640625 25.6027221679688 26.0697331512451 0.00081709405536092 0.083248452558176 0.0405077176212489 0.875426735765214 
7.83333333333333 0.216018676757812 0.01576201171875 0.151336669921875 18.1293090820312 18.5124264404297 0.000545068563887773 0.0604337598255781 0.0410235813873429 0.897997590223191 
8 0.234599304199219 0.0156995727539063 1.52133178710938 16.9743896484375 18.7460203125 0.00547359491958687 0.0565241812533673 0.0445051984822954 0.893497025344751 
8.16666666666667 0.488746032714844 0.0148531219482422 1.06572875976562 33.9401733398438 35.5095012542725 0.00363484232716841 0.107138200073892 0.0878936387542651 0.801333318844674 
8.33333333333333 0.212876586914063 0.0157725860595703 0.144964599609375 24.1500366210937 24.5236503936768 0.000511854205922884 0.0789211688275164 0.0396321399443148 0.880934837022246 
8.5 0.0861355590820313 0.0161944519042969 0.020709228515625 24.0243896484375 24.1474288879395 7.31866597608485e-05 0.0785799536109172 0.0160503974598599 0.905296462269462 
8.66666666666667 0.232091674804688 0.0157087371826172 0.218243408203125 25.3996215820313 25.8656654022217 0.000767253400836698 0.0826449520886654 0.0430221943447264 0.873565600165772 
8.83333333333333 0.3591650390625 0.0152847564697266 0.364801025390625 32.7938598632813 33.5331106842041 0.00125175601143526 0.104147193388104 0.0649819889255123 0.829619061674948 
9 0.365177307128906 0.0152658233642578 0.42374267578125 20.7610107421875 21.5651965484619 0.00151136363636364 0.0685340909090909 0.0686761363636364 0.861278409090909 
9.16666666666667 0.0846249389648438 0.0161998901367187 0 17.301416015625 17.4022408447266 0 0.0578655598602292 0.0161242969725927 0.926010143167178 
9.33333333333333 0.469470520019531 0.0149178771972656 0.944659423828125 33.983203125 35.4122509460449 0.00322272099822832 0.107300848885362 0.0844483332065259 0.805028096909883 
9.5 0.344240112304687 0.0153347076416016 0.598974609375 24.4736206054688 25.43217003479 0.00210930224730447 0.0797664059958038 0.0639185899090083 0.854205701847883 
9.66666666666667 0.0860147094726562 0.0161953582763672 0.02230224609375 23.993408203125 24.1179205169678 7.88217277722728e-05 0.0784839203675345 0.0160289613548329 0.90540829654986 
9.83333333333333 0.0847457885742188 0.0161992858886719 0 17.4201782226563 17.5211232971191 0 0.0582403038324318 0.016141097939924 0.925618598227644 
10 0.235596313476563 0.0156960479736328 1.52611083984375 16.847021484375 18.6244246856689 0.00549308776899215 0.0561235314017695 0.044713046370147 0.893670334459091 
10.1666666666667 0.208163452148438 0.0157874908447266 0.5161376953125 35.7835693359375 36.5236579742432 0.00175354090783627 0.112518874919494 0.0372898051079997 0.84843777906467 
10.3333333333333 0.0862564086914063 0.0161942504882812 0.020709228515625 23.9159545898438 24.0391144775391 7.32118017424409e-05 0.0782521527085551 0.0160784379980514 0.905596197491651 
10.5 0.22236328125 0.0157407623291016 0.36002197265625 21.693896484375 22.2920225006104 0.001280518553354 0.0714144064003264 0.0417018431534752 0.885603231892844 
10.6666666666667 0.0874044799804688 0.0161904235839844 0.043011474609375 30.5838500976563 30.7304564758301 0.000148797222451848 0.0979251053980326 0.0159433468353035 0.885982750544212 
10.8333333333333 0.0848968505859375 0.0161987823486328 0 17.4201782226563 17.5212738555908 0 0.0582403038324318 0.0161698699505121 0.925589826217056 
11 0.21487060546875 0.0157651336669922 0.15611572265625 18.650830078125 19.037581539917 0.000561318296112584 0.0620657658844486 0.0407356706321704 0.896637245187268 
11.1666666666667 0.0844134521484375 0.0161999908447266 0 17.659423828125 17.7600372711182 0 0.0589943363137165 0.0160653192651583 0.924940344421125 
11.3333333333333 0.216381225585938 0.0157599975585937 0.173638916015625 19.0208862304688 19.4266663696289 0.000623519855389156 0.0632157607514272 0.0409692587550196 0.895191460638164 
11.5 0.084957275390625 0.0161975738525391 0 17.6508178710938 17.7519727203369 0 0.058969316404453 0.0161698408317233 0.924860842763824 
11.6666666666667 0.0842623901367188 0.0161999908447266 0 17.6473754882812 17.7478378692627 0 0.0589581548334416 0.0160376761757992 0.925004168990759 
11.8333333333333 0.0846249389648438 0.0161985809326172 0 17.6473754882812 17.7481990081787 0 0.0589588328991783 0.016106865400429 0.924934301700393 
12 0.233692932128906 0.015702392578125 1.52133178710938 17.328955078125 19.0996821899414 0.00546720250976082 0.0576374815374575 0.0442814779193716 0.89261383803341 
12.1666666666667 0.212544250488281 0.0159030029296875 0.492242431640625 30.0743774414063 30.7950671264648 0.00169102879127013 0.0956224791904952 0.0384996360730918 0.864186855945143 
12.3333333333333 0.0871023559570313 0.0160609130859375 0.04141845703125 24.0966796875 24.2412614135742 0.000147401481951822 0.079370028743289 0.0163445566333502 0.904138013141409 
12.5 0.0848968505859375 0.0161987823486328 0 17.4201782226563 17.5212738555908 0 0.0582403038324318 0.0161698699505121 0.925589826217056 
12.6666666666667 0.0857125854492188 0.0161961639404297 0.020709228515625 24.0106201171875 24.1332380950928 7.31887199292884e-05 0.0785371263856595 0.0159720306491839 0.905417654245227 
12.8333333333333 0.0848062133789063 0.0161991851806641 0 17.4046875 17.5056928985596 0 0.0581911930575697 0.0161533503671478 0.925655456575283 
13 0.220580749511719 0.0157469055175781 0.20709228515625 25.0381713867188 25.4815913269043 0.000728944712347202 0.0815689133116519 0.0409386564988225 0.876763485477178 
13.1666666666667 0.331520690917969 0.0153766021728516 0.61490478515625 24.4168212890625 25.3786233673096 0.00216574089659429 0.0795937833136958 0.0615665151770185 0.856673960612692 
13.3333333333333 0.0853802490234375 0.0161971710205078 0 17.4201782226563 17.5217556427002 0 0.0582403038324318 0.0162619403843941 0.925497755783174 
13.5 0.215082092285156 0.0157644287109375 0.18797607421875 25.1070190429688 25.5258416381836 0.000661583314644539 0.0817840322942364 0.0399136577708006 0.877640726620318 
13.6666666666667 0.200398864746094 0.0158138763427734 0.160894775390625 18.4752685546875 18.852376071167 0.000578813146508496 0.0615146565804178 0.0380125505028797 0.899893979770194 
13.8333333333333 0.0853500366210938 0.0161977752685547 0 17.411572265625 17.5131200775146 0 0.0582115318218437 0.0162561859822764 0.92553228219588 
14 0.234961853027344 0.0156983642578125 1.52133178710938 17.2015869140625 18.973578918457 0.00546945694878756 0.0572374374305579 0.0445402792572993 0.892752826363355 
14.1666666666667 0.26901123046875 0.0155861755371094 0.60853271484375 24.5700073242188 25.4631374450684 0.00214213215048759 0.0800495718539537 0.0499307452040353 0.867877550791523 
14.3333333333333 0.08531982421875 0.0161978759765625 0 17.411572265625 17.5130899658203 0 0.0582115318218437 0.0162504315801588 0.925538036597997 
14.5 0.084957275390625 0.0161990844726562 0 17.4132934570313 17.5144498168945 0 0.0582169512202139 0.016181285641123 0.925601763138663 
14.6666666666667 0.0844436645507813 0.0162009979248047 0 17.3960815429688 17.4967262054443 0 0.0581620850189615 0.0160842018035023 0.925753713177536 
14.8333333333333 0.0849270629882812 0.0161991851806641 0 17.411572265625 17.5126985137939 0 0.0582115318218437 0.0161756243526298 0.925612843825527 
15 0.084957275390625 0.0161990844726562 0 17.4132934570313 17.5144498168945 0 0.0582169512202139 0.016181285641123 0.925601763138663 
15.1666666666667 0.0844436645507813 0.0162009979248047 0 17.3960815429688 17.4967262054443 0 0.0581620850189615 0.0160842018035023 0.925753713177536 
15.3333333333333 0.479440612792969 0.0148852478027344 0.963775634765625 28.482275390625 29.9403768859863 0.00334572079545203 0.0915123764018847 0.0877574269471542 0.817384475855509 
15.5 0.333454284667969 0.0153702575683594 0.60853271484375 24.5355834960938 25.4929407531738 0.00214250459909364 0.0799513169112038 0.0619026786916139 0.856003499798089 
15.6666666666667 0.0849874877929688 0.0161976745605469 0 17.7988403320313 17.9000254943848 0 0.0594337670697503 0.0161674099958619 0.924398822934388 
15.8333333333333 0.084715576171875 0.0161983795166016 0 17.7626953125 17.8636092681885 0 0.0593209134960826 0.0161178140933155 0.924561272410602 
16 0.228375549316406 0.0157204193115234 1.46876220703125 17.0828247070312 18.7956828826904 0.0052835162316266 0.056875161170167 0.0433168104065786 0.894524512191628 
16.1666666666667 0.0846853637695313 0.0161996887207031 0 17.2979736328125 17.3988586853027 0 0.0578547127124937 0.0161359959933453 0.926009291294161 
16.3333333333333 0.0862261962890625 0.0161944519042969 0.02230224609375 23.9004638671875 24.0251867614746 7.88465870691597e-05 0.0782045505744537 0.0160734399639558 0.905643162874521 
16.5 0.0850479125976563 0.0161983795166016 0 17.2842041015625 17.3854503936768 0 0.0578116544426662 0.0162059158789191 0.925982429678415 
16.6666666666667 0.084473876953125 0.0162003936767578 0 17.3100219726563 17.4106962432861 0 0.0578926766368482 0.0160950505992471 0.926012272763905 
16.8333333333333 0.0848666381835937 0.0161990844726562 0 17.3117431640625 17.4128088867188 0 0.0578980998048573 0.0161697914448045 0.925932108750338 
17 0.0848666381835937 0.0161990844726562 0 17.2962524414063 17.3973181640625 0 0.05784928904496 0.0161706292096022 0.925980081745438 
17.1666666666667 0.084473876953125 0.0162003936767578 0 17.3100219726563 17.4106962432861 0 0.0578926766368482 0.0160950505992471 0.926012272763905 
17.3333333333333 0.0848666381835937 0.0161990844726562 0 17.3117431640625 17.4128088867188 0 0.0578980998048573 0.0161697914448045 0.925932108750338 
17.5 0.308377990722656 0.0154546508789063 0.64676513671875 32.2103759765625 33.1809737548828 0.00222116452482945 0.102381460388321 0.0558409514899856 0.839556423596864 
17.6666666666667 0.325659484863281 0.0153977508544922 0.6053466796875 24.172412109375 25.1188160247803 0.00213365675077766 0.0788554615997934 0.0605228582016643 0.858488023447765 
17.8333333333333 0.222030944824219 0.0157403594970703 0.2102783203125 19.366845703125 19.8148953277588 0.00075415643032623 0.0642861223790207 0.0419870879277838 0.892972633262869 
18 0.234538879394531 0.0156993713378906 1.5229248046875 17.2910888671875 19.0642519226074 0.00547364804901091 0.0575191091007987 0.044447625318485 0.892559617531705 
18.1666666666667 0.0848968505859375 0.0161975738525391 0 17.6473754882812 17.7484699127197 0 0.0589591719378953 0.0161587119033928 0.924882116158712 
18.3333333333333 0.598900451660156 0.0144866455078125 1.00200805664062 27.05712890625 28.6725240600586 0.003494056215976 0.0873236307076991 0.110115542717476 0.799066770358849 
18.5 0.0855010986328125 0.0161955596923828 0 17.6473754882812 17.7490721466064 0 0.0589591719378953 0.0162737205290397 0.924767107533065 
18.6666666666667 1.01821838378906 0.0134706024169922 1.46398315429687 29.5580200195313 32.0536921600342 0.00495276282248199 0.0925503764423103 0.181630046401837 0.720866814333371 
18.8333333333333 0.0836883544921875 0.0158235443115234 0 17.5682006835938 17.6677125823975 0 0.0600058788947678 0.0162845385067607 0.923709582598471 
19 0.08435302734375 0.0162009979248047 0 17.411572265625 17.5121262908936 0 0.0582118667963333 0.0160663831648243 0.925721750038842 
19.1666666666667 0.225444946289063 0.0157303894042969 0.21983642578125 18.6353393554688 19.0963511169434 0.000790264853256979 0.0620014316392269 0.0427315676449535 0.894476735862563 
19.3333333333333 0.0852896118164062 0.0161976745605469 0 17.287646484375 17.389133770752 0 0.0578221697705881 0.016251691085461 0.925926139143951 
19.5 0.0848666381835937 0.0161990844726562 0 17.2962524414063 17.3973181640625 0 0.05784928904496 0.0161706292096022 0.925980081745438 
19.6666666666667 0.218314819335937 0.0157544586181641 0.230987548828125 20.0191772460938 20.484234072876 0.000826498099054372 0.0662965475179407 0.0411881052673579 0.891688849115647 
19.8333333333333 0.0852593994140625 0.0161976745605469 0 17.4046875 17.5061445739746 0 0.0581911930575697 0.0162396703726722 0.925569136569758 
20 0.236079711914063 0.0156942352294922 1.52611083984375 16.8435791015625 18.6214638885498 0.005493213759411 0.0561133505736911 0.0448058166138179 0.89358761905308 
20.1666666666667 0.0846853637695313 0.0161982788085938 0 17.6473754882812 17.7482591308594 0 0.0589591719378953 0.0161184588844163 0.924922369177688 
20.3333333333333 0.0847760009765625 0.0161980773925781 0 17.6508178710938 17.7517919494629 0 0.058969655497605 0.0161354318211877 0.924894912681207 
20.5 0.0849270629882812 0.0161975738525391 0 17.6473754882812 17.7485001251221 0 0.0589588328991783 0.0161643693825797 0.924876797718242 
20.6666666666667 0.084473876953125 0.0161989837646484 0 17.6473754882812 17.748048348999 0 0.0589591719378953 0.0160782058654399 0.924962622196665 
20.8333333333333 0.0847760009765625 0.0161980773925781 0 17.6508178710938 17.7517919494629 0 0.058969655497605 0.0161354318211877 0.924894912681207 
21 0.0849270629882812 0.0161975738525391 0 17.6473754882812 17.7485001251221 0 0.0589588328991783 0.0161643693825797 0.924876797718242 
21.1666666666667 0.084473876953125 0.0161989837646484 0 17.6473754882812 17.748048348999 0 0.0589591719378953 0.0160782058654399 0.924962622196665 
21.3333333333333 0.086165771484375 0.0161935455322266 0.020709228515625 24.2378173828125 24.3608859283447 7.31388963903142e-05 0.0792263029975695 0.0160455486542443 0.904655009451796 
21.5 0.21438720703125 0.0157664428710938 0.5416259765625 23.5613891601563 24.3331687866211 0.00191354168425437 0.0770425650463471 0.0399367405631441 0.881107152706255 
21.6666666666667 0.209281311035156 0.0157835632324219 0.100360107421875 17.6301635742187 17.9555885559082 0.000362154300726033 0.0588816905132819 0.0398197276369719 0.90093642754902 
21.8333333333333 0.0877066040039063 0.0161881072998047 0.043011474609375 30.8265380859375 30.9734442718506 0.000148692333533425 0.0986325812438389 0.0159871794165753 0.885231547006052 
22 0.235324401855469 0.0156967529296875 1.52770385742187 17.1327392578125 18.9114642700195 0.00549362418798621 0.0570214131044992 0.0446192271118087 0.892865735595706 
22.1666666666667 0.0846853637695313 0.0161982788085938 0 17.6473754882812 17.7482591308594 0 0.0589591719378953 0.0161184588844163 0.924922369177688 
22.3333333333333 0.285325927734375 0.0155324981689453 0.509765625 23.90390625 24.7145303009033 0.00179891502937291 0.0780729122747843 0.053090479804368 0.867037692891475 
22.5 0.0847457885742188 0.0161996887207031 0 17.411572265625 17.5125177429199 0 0.0582118667963333 0.0161411908228267 0.92564694238084 
22.6666666666667 0.0840206909179688 0.0162022064208984 0 17.4132934570313 17.5135163543701 0 0.0582169512202139 0.0160029002019784 0.925780148577808 
22.8333333333333 0.0842623901367188 0.0162009979248047 0 17.397802734375 17.4982661224365 0 0.058169513374154 0.0160501358132683 0.925780350812578 
23 0.0843228149414063 0.0162009979248047 0 17.411572265625 17.5120960784912 0 0.058212201774678 0.016060721149973 0.925727077075349 
23.1666666666667 0.333847045898438 0.0153702575683594 0.626055908203125 30.754248046875 31.7295212585449 0.00216013587419545 0.0982119791351761 0.0607366448088032 0.838891240181825 
23.3333333333333 0.0848968505859375 0.0161987823486328 0 17.397802734375 17.4988983673096 0 0.0581698481299671 0.016171079664148 0.925659072205885 
23.5 0.466751403808594 0.0149262359619141 0.78057861328125 25.2275024414063 26.489758694458 0.00274035423272878 0.0819701469165422 0.0863994541661773 0.828890044684552 
23.6666666666667 0.21100341796875 0.0157791320800781 0.144964599609375 17.8728515625 18.2445987121582 0.000522565047863513 0.0596298401869749 0.0401054318052613 0.8997421629599 
23.8333333333333 0.0863470458984375 0.0161930419921875 0.020709228515625 24.3617431640625 24.4849924804688 7.31088703554778e-05 0.079598688539341 0.0160727039596889 0.904255498630615 
24 0.229674682617188 0.0157159881591797 1.47035522460937 17.0088134765625 18.7245593719482 0.00529055037773269 0.0566427072944251 0.0435739587990508 0.894492783528791 
24.1666666666667 0.0846853637695313 0.0161996887207031 0 17.2979736328125 17.3988586853027 0 0.0578547127124937 0.0161359959933453 0.926009291294161 
24.3333333333333 0.08483642578125 0.0161991851806641 0 17.3134643554688 17.4144999664307 0 0.0579035229104306 0.0161639419755929 0.925932535113977 
24.5 0.226321105957031 0.0157269653320313 0.253289794921875 31.3583862304688 31.8537240966797 0.000873467997560882 0.100086248097872 0.0411518790548966 0.85788840484967 
24.6666666666667 0.557841796875 0.0146206878662109 1.01793823242187 39.663134765625 41.2535354827881 0.0034111655616412 0.12301549170964 0.0985661360409126 0.775007206687806 
24.8333333333333 0.220308837890625 0.0157436828613281 0.1529296875 18.430517578125 18.819499786377 0.000550376664029445 0.0613899304002844 0.0418056941052366 0.89625399883045 
25 0.393667602539063 0.0151700500488281 0.524102783203125 21.0174682617188 21.9504086975098 0.00186715398061338 0.0693003564050759 0.0739483780163901 0.854884111597921 
25.1666666666667 0.0851385498046875 0.0161971710205078 0 17.6473754882812 17.7487112091064 0 0.0589578158064219 0.0162043426258165 0.924837841567761 
25.3333333333333 0.0862261962890625 0.0161931427001953 0.02230224609375 24.2360961914062 24.3608177764893 7.87658516276401e-05 0.0792215683406285 0.0160569814675203 0.904642684340223 
25.5 0.333695983886719 0.0153696533203125 0.584637451171875 24.3944458007813 25.3281488891602 0.00205947216906751 0.079533784883362 0.0619805724995932 0.856426170447977 
25.6666666666667 0.0851687622070313 0.0161970703125 0 17.6473754882812 17.7487413208008 0 0.0589578158064219 0.0162100929248321 0.924832091268746 
25.8333333333333 0.0848666381835937 0.0161977752685547 0 17.6473754882812 17.7484399017334 0 0.0589588328991783 0.0161528685861496 0.924888298514672 
26 0.234931640625 0.0156981628417969 1.52133178710938 17.122412109375 18.8943736999512 0.00547099228332293 0.0569899803502581 0.0445470533980304 0.892991973968389 
26.1666666666667 0.13220947265625 0.0160405700683594 0 17.9124389648438 18.0606890075684 0 0.0597893841814077 0.0251406116246603 0.915070004193932 
26.3333333333333 0.0849270629882812 0.0161981781005859 0 17.6559814453125 17.7571066864014 0 0.0589838539031234 0.0161633469800819 0.924852799116795 
26.5 0.084957275390625 0.0161979766845703 0 17.6559814453125 17.7571366973877 0 0.0589841930642685 0.0161691899879824 0.924846616947749 
26.6666666666667 0.084473876953125 0.0161998901367187 0 17.659423828125 17.7600975952148 0 0.0589939971020493 0.0160767266956462 0.924929276202305 
26.8333333333333 0.0849270629882812 0.0161981781005859 0 17.6559814453125 17.7571066864014 0 0.0589838539031234 0.0161633469800819 0.924852799116795 
27 0.0849874877929688 0.0161979766845703 0 17.6559814453125 17.75716690979 0 0.0589838539031234 0.0161748470490823 0.924841299047794 
27.1666666666667 0.107042541503906 0.0161247619628906 0.02230224609375 18.32724609375 18.4727156433105 8.0312530475737e-05 0.0610834160361177 0.0203248068196812 0.918511464613725 
27.3333333333333 0.0937490844726563 0.0161687713623047 0 17.7730224609375 17.8829403167725 0 0.0593516496148983 0.0178353833773997 0.922812967007702 
27.5 0.0849874877929688 0.0161979766845703 0 17.6559814453125 17.75716690979 0 0.0589838539031234 0.0161748470490823 0.924841299047794 
27.6666666666667 0.0930844116210938 0.0161710876464844 0 17.8745727539062 17.9838282531738 0 0.0596701907607447 0.0177028269363365 0.922626982302919 
27.8333333333333 0.0849270629882812 0.0161981781005859 0 17.6559814453125 17.7571066864014 0 0.0589838539031234 0.0161633469800819 0.924852799116795 
28 0.095108642578125 0.0161643402099609 0 17.7179443359375 17.8292173187256 0 0.0591782648937332 0.0180972583918275 0.922724476714439 
28.1666666666667 0.084473876953125 0.0161998901367187 0 17.659423828125 17.7600975952148 0 0.0589939971020493 0.0160767266956462 0.924929276202305 
28.3333333333333 0.0849270629882812 0.0161981781005859 0 17.6559814453125 17.7571066864014 0 0.0589838539031234 0.0161633469800819 0.924852799116795 
28.5 0.084957275390625 0.0161979766845703 0 17.6559814453125 17.7571366973877 0 0.0589841930642685 0.0161691899879824 0.924846616947749 
28.6666666666667 0.084473876953125 0.0161998901367187 0 17.659423828125 17.7600975952148 0 0.0589939971020493 0.0160767266956462 0.924929276202305 
28.8333333333333 0.093658447265625 0.0161693756103516 0 17.921044921875 18.030872744751 0 0.059815360575404 0.0178090297525694 0.922375609672027 
29 0.0935678100585938 0.0161703826904297 0 17.4993530273438 17.6090912200928 0 0.0584878416392933 0.0178161547710132 0.923696003589693 
29.1666666666667 0.0844436645507813 0.0162009979248047 0 17.3960815429688 17.4967262054443 0 0.0581620850189615 0.0160842018035023 0.925753713177536 
29.3333333333333 0.342578430175781 0.0153409515380859 0.584637451171875 24.1156127929687 25.0581696258545 0.00206124191229331 0.0786922627606039 0.0636850736879943 0.855561421639109 
29.5 0.085440673828125 0.0161960632324219 0 17.6508178710938 17.7524546081543 0 0.0589689773152008 0.0162617521060349 0.924769270578764 
29.6666666666667 0.0847457885742188 0.0161984802246094 0 17.6473754882812 17.7483197570801 0 0.0589578158064219 0.0161295887386144 0.924912595454964 
29.8333333333333 0.085078125 0.0161970703125 0 17.6473754882812 17.7486506835937 0 0.0589588328991783 0.0161931213736551 0.924848045727167 
30 0.236200561523437 0.0156940338134766 1.5229248046875 17.1310180664062 18.9058374664307 0.00547650145505373 0.057016337847437 0.0447858665016842 0.892721294195825 
30.1666666666667 0.0848968505859375 0.0161975738525391 0 17.6473754882812 17.7484699127197 0 0.0589591719378953 0.0161587119033928 0.924882116158712 
30.3333333333333 0.132602233886719 0.01603916015625 0 17.9124389648438 18.0610803588867 0 0.0597897276801103 0.0252154429507067 0.914994829369183 
30.5 0.0851687622070313 0.0161973724365234 0 17.6559814453125 17.7573475799561 0 0.0589838539031234 0.0162093472560835 0.924806798840793 
30.6666666666667 0.0932656860351563 0.0161705841064453 0 17.6490966796875 17.7585329498291 0 0.058961531826807 0.0177505606348111 0.923287907538382 
30.8333333333333 0.0851083374023437 0.0161974731445313 0 17.6559814453125 17.7572872558594 0 0.0589841930642685 0.0161979403257988 0.924817866609933 
31 0.0851687622070313 0.0161973724365234 0 17.6559814453125 17.7573475799561 0 0.0589838539031234 0.0162093472560835 0.924806798840793 
31.1666666666667 0.0846853637695313 0.0161991851806641 0 17.659423828125 17.7603083770752 0 0.0589939971020493 0.0161169760114078 0.924889026886543 
31.3333333333333 0.0851385498046875 0.0161974731445313 0 17.6559814453125 17.7573174682617 0 0.0589838539031234 0.0162035972215833 0.924812548875293 
31.5 0.0851687622070313 0.0161973724365234 0 17.6559814453125 17.7573475799561 0 0.0589838539031234 0.0162093472560835 0.924806798840793 
31.6666666666667 0.0846853637695313 0.0161991851806641 0 17.659423828125 17.7603083770752 0 0.0589939971020493 0.0161169760114078 0.924889026886543 
31.8333333333333 0.0851385498046875 0.0161974731445313 0 17.6559814453125 17.7573174682617 0 0.0589838539031234 0.0162035972215833 0.924812548875293 
32 0.235233764648438 0.0156972564697266 1.52611083984375 17.06044921875 18.8374910797119 0.00548918493052571 0.0567941555651053 0.0446125196963186 0.89310413980805 
32.1666666666667 0.134324340820312 0.0160338226318359 0 17.852197265625 18.0025554290771 0 0.0595992621919335 0.0255474662268932 0.914853271581173 
32.3333333333333 0.0851385498046875 0.0161974731445313 0 17.6559814453125 17.7573174682617 0 0.0589838539031234 0.0162035972215833 0.924812548875293 
32.5 0.0937490844726563 0.0161686706542969 0 17.8711303710937 17.9810481262207 0 0.0596600703302765 0.0178296444413799 0.922510285228344 
32.6666666666667 0.3494970703125 0.0153173858642578 0.584637451171875 24.736962890625 25.6864147979736 0.00205712876392906 0.0805587318669985 0.064841595479922 0.852542543889151 
32.8333333333333 0.085682373046875 0.0161950561523438 0 17.6473754882812 17.7492529174805 0 0.0589588328991783 0.0163081293379567 0.924733037762865 
33 0.337230834960938 0.0153577697753906 0.5798583984375 24.186181640625 25.1186286437988 0.00204407107077877 0.0789101282598441 0.0626811024506391 0.856364698218738 
33.1666666666667 0.0853500366210938 0.0161963653564453 0 17.6473754882812 17.7489218902588 0 0.0589581548334416 0.0162446881307396 0.924797157035819 
33.3333333333333 0.266624450683594 0.0155933258056641 0.36002197265625 20.7197021484375 21.361941897583 0.00128463103805009 0.0684264975046326 0.0501631367734161 0.880125734683901 
33.5 0.0854708862304688 0.0161969696044922 0 17.260107421875 17.36177527771 0 0.0577357100087513 0.016287826447423 0.925976463543826 
33.6666666666667 0.0846853637695313 0.0161996887207031 0 17.2979736328125 17.3988586853027 0 0.0578547127124937 0.0161359959933453 0.926009291294161 
33.8333333333333 0.0850479125976563 0.0161983795166016 0 17.301416015625 17.4026623077393 0 0.0578658929722759 0.0162049829603021 0.925929124067422 
34 0.238587341308594 0.0156875885009766 1.465576171875 16.8711181640625 18.5909692657471 0.00527547135189688 0.0562067067296665 0.0452830405064453 0.893234781411991 
34.1666666666667 0.0848968505859375 0.0161989837646484 0 17.2859252929687 17.3870211273193 0 0.0578167457283655 0.0161769446875144 0.92600630958412 
34.3333333333333 0.0936886596679688 0.0161697784423828 0 17.2996948242188 17.4095532623291 0 0.0578598032386753 0.0178512834387755 0.924288913322549 
34.5 0.085078125 0.0161983795166016 0 17.2824829101563 17.3837594146729 0 0.0578058974565635 0.0162116728650217 0.925982429678415 
34.6666666666667 0.0986434936523438 0.0161530609130859 0.02230224609375 17.680078125 17.8171769256592 8.04847481402274e-05 0.0590528094926012 0.0187701930484173 0.922096512710841 
34.8333333333333 0.0851687622070313 0.0161966674804688 0 17.6508178710938 17.7521833007813 0 0.0589699945946568 0.0162102793527389 0.924819726052604 
35 0.336747436523438 0.0153591796875 0.58304443359375 24.4168212890625 25.3519723388672 0.00205375680377083 0.0796027158969755 0.0625441894394254 0.855799337859828 
35.1666666666667 0.08531982421875 0.0161961639404297 0 17.6473754882812 17.7488914764404 0 0.0589591719378953 0.0162392179413456 0.924801610120759 
35.3333333333333 0.0849874877929688 0.0161973724365234 0 17.6508178710938 17.7520027313232 0 0.058969655497605 0.0161756841457594 0.924854660356636 
35.5 0.0851385498046875 0.0161968688964844 0 17.6473754882812 17.7487109069824 0 0.0589588328991783 0.0162046221700853 0.924836544930736 
35.6666666666667 0.0846249389648438 0.0161988830566406 0 17.6473754882812 17.7481993103027 0 0.0589578158064219 0.0161065875425522 0.924935596651026 
35.8333333333333 0.0848666381835937 0.0161985809326172 0 17.6508178710938 17.75188309021 0 0.0589669428615786 0.0161519397852925 0.924881117353129 
36 0.235203552246094 0.0156978607177734 1.5229248046875 17.14306640625 18.9168926239014 0.00547612501145633 0.0570525158097333 0.0445937585922464 0.892877600586564 
36.1666666666667 0.0847760009765625 0.0161988830566406 0 17.6473754882812 17.7483503723145 0 0.058956120729807 0.0161348751358469 0.924909004134346 
36.3333333333333 0.0848666381835937 0.0161985809326172 0 17.6508178710938 17.75188309021 0 0.0589669428615786 0.0161519397852925 0.924881117353129 
36.5 0.200096740722656 0.0158154876708984 0 17.315185546875 17.5310977752686 0 0.0579072792788644 0.0381232515570496 0.903969469164086 
36.6666666666667 0.191335144042969 0.0158416717529297 0.09876708984375 18.6594360351563 18.9653799407959 0.000355221469127244 0.0621121926904589 0.0362841542577877 0.901248431582626 
36.8333333333333 0.085198974609375 0.0161943511962891 0 17.6508178710938 17.7522111968994 0 0.0589774557165861 0.0162180814354727 0.924804462847941 
37 0.253844604492188 0.0156338104248047 0.2867431640625 19.3289794921875 19.885201071167 0.00102827176080114 0.0641527326322043 0.0479974407458398 0.886821554861155 
37.1666666666667 0.085078125 0.0161969696044922 0 17.6473754882812 17.7486505828857 0 0.0589591719378953 0.0161932144910868 0.924847613571018 
37.3333333333333 0.084957275390625 0.0161972717285156 0 17.6508178710938 17.7519724182129 0 0.0589703336956084 0.0161701197807948 0.924859546523597 
37.5 0.446509094238281 0.0149938110351563 0.941473388671875 35.050341796875 36.4533180908203 0.0032012046496008 0.110303437367971 0.0800517825997465 0.806443575382682 
37.6666666666667 0.0852896118164062 0.0161970703125 0 17.659423828125 17.7609105102539 0 0.0589943363137165 0.0162320673892419 0.924773596297042 
37.8333333333333 0.0865585327148438 0.0161927398681641 0.020709228515625 24.2464233398438 24.3698838409424 7.31347817770627e-05 0.079249974684114 0.0161177807531757 0.904559109780933 
38 0.235445251464844 0.0156964508056641 1.52611083984375 17.0638916015625 18.8411441436768 0.0054891534785648 0.0568052897562541 0.0446523727123752 0.893053184052806 
38.1666666666667 0.0848968505859375 0.0161975738525391 0 17.6473754882812 17.7484699127197 0 0.0589591719378953 0.0161587119033928 0.924882116158712 
38.3333333333333 0.224266662597656 0.0157336120605469 0.55755615234375 24.0536499023438 24.8512063293457 0.00196653518974255 0.0785209407904348 0.0417074020384542 0.877805121981369 
38.5 0.0855615234375 0.0161965667724609 0 17.4201782226563 17.5219363128662 0 0.0582403038324318 0.0162964667970998 0.925463229370468 
38.6666666666667 0.0847760009765625 0.0161992858886719 0 17.4218994140625 17.5228747009277 0 0.0582453878997825 0.0161466665132177 0.925607945587 
38.8333333333333 0.0850479125976563 0.0161983795166016 0 17.4046875 17.5059337921143 0 0.0581911930575697 0.0161993877034275 0.925609419239003 
39 0.0851385498046875 0.0161979766845703 0 17.4201782226563 17.5215147491455 0 0.0582403038324318 0.0162159051674531 0.925543791000115 
39.1666666666667 0.0847760009765625 0.0161992858886719 0 17.4218994140625 17.5228747009277 0 0.0582453878997825 0.0161466665132177 0.925607945587 
39.3333333333333 0.0850479125976563 0.0161983795166016 0 17.4046875 17.5059337921143 0 0.0581911930575697 0.0161993877034275 0.925609419239003 
39.5 0.378470764160156 0.0152207061767578 0.44923095703125 20.9761596679688 21.8190820953369 0.00160106283319991 0.0691920310220118 0.0711223904662954 0.858084515678493 
39.6666666666667 0.0853802490234375 0.0161973724365234 0 17.4201782226563 17.5217558441162 0 0.0582396335638904 0.0162617532310596 0.92549861320505 
39.8333333333333 0.0864678955078125 0.0161934448242188 0.02230224609375 24.0106201171875 24.1355837036133 7.88190652058867e-05 0.0785375685444371 0.0161128689013748 0.905270743488982 
40 0.235384826660156 0.0156969543457031 1.52133178710938 17.2411743164063 19.0135878845215 0.00546873657868968 0.0573616066060047 0.0446145829157815 0.892555073899524 
40.1666666666667 0.570531005859375 0.0145816131591797 0.912799072265625 26.017529296875 27.5154409881592 0.00319462099417943 0.0842755513926986 0.105283111438193 0.807246716174929 oE-wB-
40.3333333333333 0.225716857910156 0.0157282745361328 0.22939453125 25.3600341796875 25.8308738433838 0.000806605200362972 0.0825313959871391 0.0418482461938317 0.874813752618666 
40.5 0.342336730957031 0.0153404479980469 0.3886962890625 21.7661865234375 22.5125599914551 0.00138206823112259 0.0716296510277716 0.0641812095362708 0.862807071204835 
40.6666666666667 0.0841415405273438 0.0162006958007813 0 17.4046875 17.5050297363281 0 0.0581935372485829 0.0160273933185624 0.925779069432855 
40.8333333333333 0.0839300537109375 0.0162009979248047 0 17.4201782226563 17.520309274292 0 0.0582436554065719 0.015986649018818 0.92576969557461 
41 0.0852896118164062 0.0161969696044922 0.020709228515625 24.0123413085937 24.1345371185303 7.31907802137171e-05 0.0785449672893513 0.0158936594264095 0.905488182504026 
41.1666666666667 0.0836279296875 0.0162023071289063 0 17.4046875 17.5045177368164 0 0.0581938721484312 0.0159296517115168 0.925876476140052 
41.3333333333333 0.083990478515625 0.0162006958007813 0 17.4201782226563 17.5203693969727 0 0.0582439905852022 0.0159982505510189 0.925757758863779 
41.5 0.204598388671875 0.0157991729736328 0.20709228515625 25.7197631835938 26.1472530303955 0.000727370388191981 0.0836084285442521 0.03789040206797 0.877773798999586 
41.6666666666667 0.609021606445313 0.0144532104492188 0.62127685546875 21.3978515625 22.6426032348633 0.00220968180581996 0.0704378569485994 0.114212220106971 0.813140241138609 
41.8333333333333 0.331701965332031 0.0153744873046875 0.603753662109375 24.8626098632812 25.8134399780273 0.0021236419057865 0.0809393333221268 0.0615183759462534 0.855418648825833 
42 0.37149169921875 0.0152440704345703 1.80170288085937 19.876318359375 22.0647570098877 0.00641360068956131 0.065485641700313 0.0697273510865127 0.858373406523613 
42.1666666666667 0.0843832397460938 0.0161999908447266 0 17.4218994140625 17.5224826446533 0 0.0582473989503729 0.0160724150630697 0.925680185986557 
42.3333333333333 0.0843832397460938 0.0161996887207031 0 17.4046875 17.5052704284668 0 0.0581942070521342 0.0160736175135098 0.925732175434356 
42.5 0.601317443847656 0.0147535217285156 0.71048583984375 23.5372924804688 24.8638492858887 0.00247061300007755 0.075752539856638 0.110252490001219 0.811524357142066 
42.6666666666667 0.321369323730469 0.0151350036621094 0.648358154296875 31.6974609375 32.6823234191895 0.00226430629888843 0.102455687470097 0.0591779511087868 0.836102055122228 
42.8333333333333 0.0846249389648438 0.0161989837646484 0 17.4218994140625 17.522723336792 0 0.0582480693314305 0.0161186368501617 0.925633293818408 
43 0.0840206909179688 0.0162010986328125 0 17.4046875 17.5049092895508 0 0.0581935372485829 0.0160043737231318 0.925802089028285 
43.1666666666667 0.0834164428710937 0.0162032135009766 0 17.4201782226563 17.5197978790283 0 0.0582419795712847 0.0158883613868508 0.925869659041864 
43.3333333333333 0.464999084472656 0.0149326812744141 0.83792724609375 31.8747436523438 33.1926026641846 0.00287883182915282 0.101355678030573 0.084235932856447 0.811529557283828 
43.5 0.35312255859375 0.01530439453125 0.489056396484375 27.683642578125 28.5411259277344 0.00170511033230212 0.0893322299177437 0.0649163829444534 0.844046276805501 
43.6666666666667 0.213692321777344 0.0157692626953125 0.144964599609375 17.8143310546875 18.1887572387695 0.000522694114808901 0.0594492756952981 0.0406265436708061 0.899401486519087 
43.8333333333333 0.0845343017578125 0.0161992858886719 0 17.2859252929687 17.3866588806152 0 0.0578197415009068 0.0161086962779585 0.926071562221135 
44 0.230188293457031 0.0157140747070313 1.48787841796875 23.1982177734375 24.9319985595703 0.00524521668810055 0.0756906108374937 0.0427872654674926 0.876276907006913 
44.1666666666667 0.0838998413085938 0.0162014007568359 0 17.29453125 17.3946324920654 0 0.0578468624064479 0.0159873344847438 0.926165803108808 
44.3333333333333 0.0841717529296875 0.0162006958007813 0 17.2996948242188 17.4000672729492 0 0.0578624679773179 0.0160386862784606 0.926098845744222 
44.5 0.215142517089844 0.0157639251708984 0.165673828125 18.4408447265625 18.8374249969482 0.000596091018513211 0.0614088381956783 0.0408150398349286 0.89718003095088 
44.6666666666667 0.233088684082031 0.0157048095703125 0.25806884765625 18.4632202148438 18.9700825561523 0.000928111465041135 0.0614558746018287 0.0441998762518047 0.893416137681325 
44.8333333333333 0.0857427978515625 0.0161948547363281 0.02230224609375 24.2395385742188 24.3637784729004 7.87645222087822e-05 0.0792314833047343 0.0159666938591803 0.904723058313877 
45 0.341672058105469 0.01534306640625 0.603753662109375 24.7558959960938 25.7166647827148 0.00212416560645208 0.0806118045319269 0.063383084019437 0.853880945842184 
45.1666666666667 0.0842019653320313 0.0161994873046875 0 17.6508178710938 17.7512193237305 0 0.0589713510218634 0.0160266363040403 0.925002012674096 
45.3333333333333 0.08386962890625 0.0162005950927734 0 17.6473754882812 17.7474457122803 0 0.0589605281317569 0.0159635644293141 0.925075907438929 
45.5 0.084111328125 0.0161993865966797 0 17.6473754882812 17.7476862030029 0 0.0589618843880109 0.0160099372024015 0.925028178409588 
45.6666666666667 0.329405822753906 0.015383349609375 0.603753662109375 24.1087280273438 25.0572708618164 0.0021287231592723 0.0786728899523143 0.0612387034447122 0.857959683443701 
45.8333333333333 0.0842926025390625 0.0161999908447266 0 17.425341796875 17.5258343902588 0 0.058259243274349 0.0160552438498058 0.925685512875845 
46 0.234871215820313 0.0156974578857422 1.52611083984375 16.9640625 18.7407420135498 0.0054912615571567 0.056494649172585 0.0445606130953404 0.893453476174918 
46.1666666666667 0.0836279296875 0.0162008972167969 0 17.6473754882812 17.7472043151855 0 0.0589622234618238 0.0159180176087319 0.925119758929444 
46.3333333333333 0.0835977172851562 0.0162010986328125 0 17.6508178710938 17.7506166870117 0 0.0589727075114725 0.0159119923631638 0.925115300125364 
46.5 0.0838092041015625 0.0162001922607422 0 17.6473754882812 17.7473848846436 0 0.0589625625395365 0.0159526137213181 0.925084823739145 
46.6666666666667 0.234599304199219 0.0156983642578125 0.606939697265625 25.1552124023438 26.0124497680664 0.00213276907316909 0.0818121259957121 0.0434670652313859 0.872588039699733 
46.8333333333333 0.319737854003906 0.0154146697998047 0.629241943359375 25.22578125 26.1901757171631 0.00221044561464378 0.0820159264005551 0.0592231542779118 0.856550473706889 
47 0.0847457885742188 0.0161970703125 0 17.6473754882812 17.748318347168 0 0.0589625625395365 0.0161308873425729 0.924906550117891 
47.1666666666667 0.0835372924804688 0.0162016021728516 0 17.6508178710938 17.7505567657471 0 0.0589716901384153 0.0159002167949993 0.925128093066585 
47.3333333333333 0.08435302734375 0.0161987823486328 0 17.6473754882812 17.7479272979736 0 0.0589612062520846 0.0160557581055126 0.924983035642403 
47.5 0.0840509033203125 0.0161993865966797 0 17.6473754882812 17.7476257781982 0 0.0589625625395365 0.0159986198171258 0.925038817643338 
47.6666666666667 0.444817199707031 0.0149985443115234 0.76783447265625 24.7111450195313 25.9387952362061 0.00270038600953539 0.08043452684419 0.0824850274240446 0.83438005972223 oE-
47.8333333333333 0.644400329589844 0.0143342742919922 1.27282104492187 36.8696411132812 38.801196762085 0.00429837963461083 0.115238535861075 0.11474360353769 0.765719480966624 
48 0.358319091796875 0.0153637115478516 1.6885986328125 19.2859497070312 21.3482311431885 0.00599947929047668 0.0634190240092369 0.0671262494198617 0.863455247280425 
48.1666666666667 0.2151123046875 0.0156797332763672 0.165673828125 30.9780029296875 31.3744687957764 0.000574849240259345 0.0994820829441125 0.0393550633716013 0.860588004444027 
48.3333333333333 0.0841717529296875 0.0161965667724609 0 17.4046875 17.5050558197022 0 0.0582069362498201 0.0160368398330695 0.92575622391711 
48.5 0.267107849121094 0.0155877868652344 0.575079345703125 23.5648315429688 24.4226065246582 0.0020317996341635 0.0770564232446883 0.0497593921485859 0.871152384972562 
48.6666666666667 0.0911508178710937 0.0161767272949219 0.02230224609375 17.494189453125 17.6238192443848 8.05407737667194e-05 0.0584726017546383 0.017356536746728 0.924090320724867 
48.8333333333333 0.0884921264648438 0.0161863952636719 0 17.6508178710938 17.7554963928223 0 0.0589672819274337 0.0168420447357829 0.924190673336783 
49 0.233451232910156 0.0157037017822266 1.516552734375 17.569921875 19.3356295440674 0.00544560118979522 0.0583914883880563 0.0441997483125501 0.891963162109598 
49.1666666666667 0.0884921264648438 0.0161852874755859 0 17.4649291992188 17.5696066131592 0 0.0583862225316616 0.0168535769976581 0.92476020047068 
49.3333333333333 0.232937622070313 0.0157039031982422 1.51336669921875 16.97783203125 18.7398402557373 0.00544540551075038 0.0565405052189913 0.0441937647240899 0.893820324546168 
49.5 0.0877066040039063 0.0161885101318359 0 17.2773193359375 17.3812144500732 0 0.0577932845101561 0.0167138777578186 0.925492837732025 
49.6666666666667 0.08701171875 0.0161908264160156 0 17.3065795898438 17.4097821350098 0 0.0578854955240206 0.0165798336259751 0.925534670850004 
49.8333333333333 0.094383544921875 0.0161655487060547 0.02230224609375 17.3444458007813 17.4772971405029 8.05829601574821e-05 0.0580024635362105 0.0179815119665696 0.923935441537062 
50 0.238919677734375 0.0156845672607422 1.51814575195312 16.89521484375 18.6679648406982 0.00546382295608302 0.0562779497764018 0.0453388372893017 0.892919389978214 
50.1666666666667 0.232121887207031 0.0157077301025391 1.51336669921875 17.0793823242187 18.8405786407471 0.00544322147035736 0.0568558806845854 0.0440213374281638 0.893679560416893 
50.3333333333333 0.0887942504882813 0.0161833740234375 0 17.3323974609375 17.4373750854492 0 0.0579718488241559 0.0169194899398405 0.925108661236004 
50.5 0.237318420410156 0.0156899047851563 1.55797119140625 17.6972900390625 19.5082695556641 0.00559141506251751 0.0587841816695348 0.0449085534929193 0.890715849775028 
50.6666666666667 0.0875555419921875 0.0161889129638672 0 17.425341796875 17.5290862518311 0 0.0582599137955839 0.0166769290971555 0.925063157107261 
50.8333333333333 0.0877670288085938 0.0161878051757813 0 17.4046875 17.5086423339844 0 0.0581962165553042 0.0167187508992443 0.925085032545451 
51 0.0942022705078125 0.016166455078125 0.043011474609375 17.8694091796875 18.0227893798828 0.000155123380540634 0.0596478124730689 0.017913877797248 0.922283186349143 
51.1666666666667 0.0886431884765625 0.0161853881835937 0 17.425341796875 17.5301703735352 0 0.0582595785330372 0.0168839987570062 0.924856422709957 
51.3333333333333 0.2363818359375 0.0156931274414063 1.53726196289062 17.4408325195312 19.2301694458008 0.00552217453505007 0.0579856938483548 0.0447725321888412 0.891719599427754 
51.5 0.0887640380859375 0.0161848846435547 0 17.4322265625 17.5371754852295 0 0.0582815907743833 0.0169067252858549 0.924811683939762 
51.6666666666667 0.0878878784179687 0.0161875030517578 0 17.4546020507813 17.558677432251 0 0.0583530413667305 0.0167388815043703 0.924908077128899 
51.8333333333333 0.0884921264648438 0.0161852874755859 0 17.44599609375 17.5506735076904 0 0.0583266198641961 0.0168546438025089 0.924818736333295 
52 0.238194580078125 0.0156877899169922 1.5229248046875 16.97783203125 18.7546392059326 0.00547916941293795 0.0565340241519037 0.0451859536104632 0.892800852824695 
52.1666666666667 0.0898516845703125 0.01618095703125 0.020709228515625 23.3565673828125 23.4833092529297 7.3351426685249e-05 0.0765676046245253 0.01678054945861 0.906578494490179 
52.3333333333333 0.0887942504882813 0.0161844818115234 0 18.526904296875 18.6318830291748 0 0.0617166446878046 0.0168510979875007 0.921432257324695 
52.5 0.220610961914063 0.0157460998535156 0.195941162109375 19.2739013671875 19.7061995910645 0.000702949530509724 0.063996982460552 0.0417311989575773 0.893568869051361 
52.6666666666667 0.0884921264648438 0.0161867980957031 0 17.6473754882812 17.7520544128418 0 0.0589551037306224 0.0168418510511063 0.924203045218271 
52.8333333333333 0.0884619140625 0.0161864959716797 0 17.6508178710938 17.7554662811279 0 0.0589672819274337 0.0168362946351561 0.92419642343741 
53 0.503791809082031 0.0148031707763672 0.5416259765625 21.1121337890625 22.1723547454834 0.00192883725152038 0.0695856403739675 0.094598121085595 0.833887401288917 
53.1666666666667 0.08870361328125 0.016185791015625 0 17.6473754882812 17.7522648925781 0 0.058956120729807 0.016882392515626 0.924161486754567 
53.3333333333333 0.339285278320313 0.0153496124267578 0.60216064453125 24.571728515625 25.5285240509033 0.00212001054396778 0.0800668532425505 0.0629833820337519 0.85482975417973 
53.5 0.089307861328125 0.0161812591552734 0 17.3547729492187 17.4602620697021 0 0.0580436809928964 0.017016475356045 0.924939843651059 
53.6666666666667 0.224568786621094 0.0160781341552734 0.195941162109375 19.1775146484375 19.6141027313232 0.000689659039299351 0.0624730163892144 0.0416767125131063 0.89516061205838 wE-oB-
53.8333333333333 0.589141845703125 0.0141721343994141 0.92076416015625 44.3051879882813 45.82926612854 0.00309846470537782 0.137988892700918 0.10453297881465 0.754379663779055 oE-wB-
