0.869032969832054 0.014605033127805
0.869032969832054 0.014605033127805
0.869032969832054 0.014605033127805
0.869032969832054 0.014605033127805
0.869032969832054 0.014605033127805
0.869032969832054 0.014605033127805
0.869032969832054 0.014605033127805
0.869032969832054 0.014605033127805
0.869032969832054 0.014605033127805
0.869032969832054 0.014605033127805
0.869032969832054 0.014605033127805
0.869032969832054 0.014605033127805
0.869032969832054 0.014605033127805
0.869032969832054 0.014605033127805
0.869032969832054 0.014605033127805
0.869032969832054 0.014605033127805
0.869032969832054 0.014605033127805
0.869032969832054 0.014605033127805
1.10962457554285 0.0157059513473511
0.869032969832054 0.014605033127805
1.04793708545671 0.0154424248024269
0.993813217306834 0.0154517662926058
1.0241266725848 0.0152697908205407
0.838679952266286 0.0147005654794199
0.838679952266286 0.0147005654794199
0.075548551814013 0.0162896222149884
0.075548551814013 0.0162896222149884
0.075548551814013 0.0162896222149884
1.01159650401147 0.0152679214993991
1.01159650401147 0.0152679214993991
1.01159650401147 0.0152679214993991
1.01159650401147 0.0152679214993991
1.59103838391536 0.0145960514246861
0.562150129709707 0.0155603444007897
0.562150129709707 0.0155603444007897
0.284132413267154 0.0153296320835007
0.284132413267154 0.0153296320835007
1.03351850812378 0.0310092326152756
1.03351850812378 0.0310092326152756
1.68780015910572 0.0313346429971548
1.68780015910572 0.0313346429971548
1.68780015910572 0.0313346429971548
2.27312141155598 0.0157335094158466
0.990466426693933 0.0152999646145873
