0.166666666666667 0.0507870483398438 0.0163184234619141 0.055755615234375 281.936315917969 282.059177005005 0.000106851958138456 0.500076322827242 0.00513194690373554 0.494684878310884 
0.333333333333333 0.062841796875 0.0162780395507812 0.1593017578125 281.82099609375 282.059417687988 0.000305295037123877 0.49987788198515 0.00635013677217663 0.493466686205549 
0.5 0.060787353515625 0.0162848876953125 0.10513916015625 281.882958984375 282.065170385742 0.000201493494202483 0.499984735341348 0.00614249864144538 0.493671272523004 
0.666666666666667 0.0529019165039063 0.0163113739013672 0.055755615234375 281.936315917969 282.061284823608 0.000106851958138456 0.500076322827242 0.00534565082001246 0.494471174394607 
0.833333333333333 0.0491555786132813 0.0163236602783203 0 281.996557617187 282.062036856079 0 0.500186228835551 0.00496711992526423 0.494846651239185 
1 0.0492160034179688 0.0163235595703125 0 281.996557617187 282.062097180176 0 0.500184701805804 0.00497321060585245 0.494842087588344 
1.16666666666667 0.0492462158203125 0.0163235595703125 0 281.996557617187 282.062127392578 0 0.50018317478538 0.00497624833616237 0.494840576878457 
1.33333333333333 0.0495785522460937 0.0163222503662109 0 281.996557617187 282.0624584198 0 0.500186228835551 0.005009860969489 0.49480391019496 
1.5 0.0496087646484375 0.0163222503662109 0 281.996557617187 282.062488632202 0 0.500184701805804 0.00501289859718215 0.494802399597014 
1.66666666666667 0.0492462158203125 0.0163235595703125 0 281.996557617187 282.062127392578 0 0.50018317478538 0.00497624833616237 0.494840576878457 
1.83333333333333 0.0495785522460937 0.0163222503662109 0 281.996557617187 282.0624584198 0 0.500186228835551 0.005009860969489 0.49480391019496 
2 0.0527810668945312 0.0163116760253906 0.05416259765625 281.938037109375 282.061292449951 0.000103799361939216 0.500080902443864 0.00533345545022973 0.494481842743967 
2.16666666666667 0.049427490234375 0.0163229553222656 0 281.996557617187 282.062308062744 0 0.50018317478538 0.00499456581470039 0.494822259399919 
2.33333333333333 0.0562857055664063 0.0162998931884766 0.0446044921875 281.946643066406 282.063833157349 8.5482349421315e-05 0.50009922058415 0.00568762917756821 0.494127667888861 
2.5 0.0565274047851563 0.0162989868164062 0.046197509765625 281.946643066406 282.065666967773 8.85352904720763e-05 0.50009922058415 0.0057120527059743 0.494100191419404 
2.66666666666667 0.049427490234375 0.0163228546142578 0 281.996557617187 282.062307962036 0 0.500184701805804 0.00499458106272229 0.494820717131474 
2.83333333333333 0.0495785522460937 0.0163222503662109 0 281.996557617187 282.0624584198 0 0.500186228835551 0.005009860969489 0.49480391019496 
3 0.0655609130859375 0.0162689758300781 0.164080810546875 281.815832519531 282.061743218994 0.000314453888237593 0.499868723134037 0.00662490230558812 0.493191920672138 
3.16666666666667 0.0496389770507813 0.0163222503662109 0 281.996557617187 282.062518844604 0 0.50018317478538 0.00501593620632808 0.494800889008292 
3.33333333333333 0.0495785522460937 0.0163222503662109 0 281.996557617187 282.0624584198 0 0.500186228835551 0.005009860969489 0.49480391019496 
3.5 0.0496087646484375 0.0163222503662109 0 281.996557617187 282.062488632202 0 0.500184701805804 0.00501289859718215 0.494802399597014 
3.66666666666667 0.0605758666992187 0.0162855926513672 0.10513916015625 281.882958984375 282.064959603882 0.000201493494202483 0.499984735341348 0.006121128119333 0.493692643045116 
3.83333333333333 0.0497900390625 0.0163215454101562 0 281.996557617187 282.06266920166 0 0.500186228835551 0.00503123149160139 0.494782539672848 
4 0.0537478637695313 0.0163083526611328 0.05416259765625 281.938037109375 282.062255923462 0.000103799678831582 0.500082429156719 0.00543116554827601 0.494382605616173 
4.16666666666667 0.0494577026367188 0.0163228546142578 0 281.996557617187 282.062338174438 0 0.50018317478538 0.00499761872779006 0.49481920648683 
4.33333333333333 0.054140625 0.0163069427490234 0.058941650390625 281.93115234375 282.06054156189 0.000112959163735834 0.50007327080891 0.00547088706525987 0.494342882962095 
4.5 0.0498202514648438 0.0163215454101562 0 281.996557617187 282.062699414062 0 0.500184701805804 0.00503426905405199 0.494781029140144 
4.66666666666667 0.0492462158203125 0.0163235595703125 0 281.996557617187 282.062127392578 0 0.50018317478538 0.00497624833616237 0.494840576878457 
4.83333333333333 0.0495785522460937 0.0163222503662109 0 281.996557617187 282.0624584198 0 0.500186228835551 0.005009860969489 0.49480391019496 
5 0.0496087646484375 0.0163221496582031 0 281.996557617187 282.062488531494 0 0.500186228835551 0.00501291390121934 0.49480085726323 
5.16666666666667 0.0492462158203125 0.0163235595703125 0 281.996557617187 282.062127392578 0 0.50018317478538 0.00497624833616237 0.494840576878457 
5.33333333333333 0.0608779907226563 0.0162844848632813 0.10513916015625 281.882958984375 282.065260620117 0.000201494109350243 0.499986261765272 0.00615167621728392 0.493660567908094 
5.5 0.0498202514648438 0.0163215454101562 0 281.996557617187 282.062699414062 0 0.500184701805804 0.00503426905405199 0.494781029140144 
5.66666666666667 0.060545654296875 0.0162857940673828 0.10513916015625 281.881237792969 282.063208401489 0.000201493494202483 0.499981682409618 0.00611807518760265 0.493698748908577 
5.83333333333333 0.0565576171875 0.0162988861083984 0.046197509765625 281.944921875 282.063975888062 8.85355607659242e-05 0.50009769441188 0.00571512309495897 0.494098646932395 
6 0.0529925537109375 0.0163109710693359 0.05416259765625 281.938037109375 282.061503231812 0.000103799361939216 0.500080902443864 0.00535482590709957 0.494460472287097 
6.16666666666667 0.0606967163085938 0.0162852905273438 0.10513916015625 281.881237792969 282.063358959961 0.000201493494202483 0.499981682409618 0.00613333984625436 0.493683484249925 
6.33333333333333 0.0497900390625 0.0163215454101562 0 281.996557617187 282.06266920166 0 0.500186228835551 0.00503123149160139 0.494782539672848 
6.5 0.0655911254882812 0.0162687744140625 0.164080810546875 281.817553710938 282.063494421387 0.000314453888237593 0.499871776084408 0.00662795525595936 0.493185814771395 
6.66666666666667 0.049669189453125 0.0163221496582031 0 281.996557617187 282.062548956299 0 0.50018317478538 0.00501898911941775 0.494797836095202 
6.83333333333333 0.0562857055664063 0.0162996917724609 0.046197509765625 281.946643066406 282.065425973511 8.85355607659242e-05 0.500100747362251 0.00568764654161782 0.494123070535365 
7 0.0498202514648438 0.0163215454101562 0 281.996557617187 282.062699414062 0 0.500184701805804 0.00503426905405199 0.494781029140144 
7.16666666666667 0.0492462158203125 0.0163235595703125 0 281.996557617187 282.062127392578 0 0.50018317478538 0.00497624833616237 0.494840576878457 
7.33333333333333 0.0495785522460937 0.0163222503662109 0 281.996557617187 282.0624584198 0 0.500186228835551 0.005009860969489 0.49480391019496 
7.5 0.0496389770507813 0.0163221496582031 0 281.996557617187 282.062518743896 0 0.500184701805804 0.00501595151959213 0.494799346674604 
7.66666666666667 0.0492462158203125 0.0163235595703125 0 281.996557617187 282.062127392578 0 0.50018317478538 0.00497624833616237 0.494840576878457 
7.83333333333333 0.0495785522460937 0.0163222503662109 0 281.996557617187 282.0624584198 0 0.500186228835551 0.005009860969489 0.49480391019496 
8 0.053778076171875 0.0163083526611328 0.05416259765625 281.938037109375 282.062286135864 0.000103799361939216 0.500080902443864 0.00543420188975897 0.494381096304437 
8.16666666666667 0.049669189453125 0.0163221496582031 0 281.996557617187 282.062548956299 0 0.50018317478538 0.00501898911941775 0.494797836095202 
8.33333333333333 0.0497900390625 0.0163215454101562 0 281.996557617187 282.06266920166 0 0.500186228835551 0.00503123149160139 0.494782539672848 
8.5 0.0680081176757813 0.0162609191894531 0.151336669921875 281.831323242188 282.066928948975 0.000290028514382361 0.499893147389438 0.00687214932499679 0.492944674771183 
8.66666666666667 0.0609988403320312 0.0162842834472656 0.10513916015625 281.881237792969 282.063660076904 0.000201493494202483 0.499981682409618 0.00616386916355776 0.493652954932622 
8.83333333333333 0.059337158203125 0.0162896209716797 0.06053466796875 281.93115234375 282.067313790894 0.000116011759928928 0.500071744114693 0.0059959762236951 0.493816267901683 
9 0.0593975830078125 0.0162896209716797 0.06053466796875 281.93115234375 282.067374215698 0.000116011051579124 0.500068690754224 0.00600204545801468 0.493813252736182 
9.16666666666667 0.0658328247070313 0.0162683715820313 0.10513916015625 281.881237792969 282.068478149414 0.000201492263918231 0.499978629608372 0.00665229762239129 0.493167580505318 
9.33333333333333 0.0822079467773437 0.01621318359375 0.27081298828125 281.700512695313 282.069746813965 0.000519006316612171 0.499668751850868 0.00830715404412775 0.491505087788392 
9.5 0.050394287109375 0.0163196319580078 0 281.996557617187 282.063271536255 0 0.500184701805804 0.00509227457984155 0.494723023614355 
9.66666666666667 0.049669189453125 0.0163221496582031 0 281.996557617187 282.062548956299 0 0.50018317478538 0.00501898911941775 0.494797836095202 
9.83333333333333 0.0499411010742188 0.0163209411621094 0 281.996557617187 282.062819659424 0 0.500187755874622 0.00504651155690835 0.49476573256847 
10 0.053173828125 0.0163103668212891 0.05416259765625 281.938037109375 282.061683901978 0.000103799361939216 0.500080902443864 0.00537314344155943 0.494442154752637 
10.1666666666667 0.0498202514648438 0.0163216461181641 0 281.996557617187 282.06269951477 0 0.50018317478538 0.0050342536848661 0.494782571529754 
10.3333333333333 0.050394287109375 0.01631953125 0 281.996557617187 282.063271435547 0 0.500186228835551 0.0050922901262082 0.494721481038241 
10.5 0.0504547119140625 0.0163194305419922 0 281.996557617187 282.063331759644 0 0.500184701805804 0.00509838042466151 0.494716917769535 
10.6666666666667 0.0500619506835938 0.0163208404541016 0 281.996557617187 282.062940408325 0 0.50018317478538 0.00505867698958346 0.494758148225036 
10.8333333333333 0.061754150390625 0.0162814636230469 0.10513916015625 281.882958984375 282.066133758545 0.000201494724501759 0.499987788198515 0.00624023055881204 0.493570486518171 
11 0.055228271484375 0.01630341796875 0.058941650390625 281.93115234375 282.061625683594 0.000112958818878166 0.500071744114693 0.00558077624079157 0.494234520825637 
11.1666666666667 0.0662255859375 0.0162670623779297 0.16248779296875 281.819274902344 282.064255343628 0.000311397135146357 0.499868724737144 0.006691985492557 0.493127892635152 
11.3333333333333 0.0508172607421875 0.0163182220458984 0 281.996557617187 282.063693099976 0 0.500184701805804 0.00513501549358123 0.494680282700615 
11.5 0.061754150390625 0.0162818664550781 0.10513916015625 281.882958984375 282.066134161377 0.000201492263918231 0.499981682521462 0.00624015435528581 0.493576670859334 
11.6666666666667 0.0635064697265625 0.0162757232666016 0.157708740234375 281.826159667969 282.063650601196 0.000302241164025364 0.499885514710596 0.00641728208870015 0.493394962036678 
11.8333333333333 0.0506057739257812 0.0163188262939453 0 281.996557617187 282.063482217407 0 0.500186228835551 0.00511366064832058 0.494700110516129 
12 0.0586724853515625 0.0162920379638672 0.109918212890625 281.877795410156 282.062678146362 0.00021065164628841 0.499974050159515 0.00592877532017524 0.493886522874021 
12.1666666666667 0.054140625 0.0163072448730469 0.055755615234375 281.936315917969 282.062519403076 0.000106851958138456 0.500076322827242 0.00547082025668893 0.494346004957931 
12.3333333333333 0.0506057739257812 0.0163188262939453 0 281.996557617187 282.063482217407 0 0.500186228835551 0.00511366064832058 0.494700110516129 
12.5 0.057161865234375 0.0162968719482422 0.046197509765625 281.946643066406 282.066299313355 8.85352904720763e-05 0.50009922058415 0.00577616446804029 0.494036079657338 
12.6666666666667 0.0502734375 0.0163201354980469 0 281.996557617187 282.063151190186 0 0.50018317478538 0.00508004738121115 0.494736777833409 
12.8333333333333 0.050394287109375 0.0163194305419922 0 281.996557617187 282.063271334839 0 0.500187755874622 0.00509230567266977 0.494719938452708 
13 0.0504547119140625 0.0163194305419922 0 281.996557617187 282.063331759644 0 0.500184701805804 0.00509838042466151 0.494716917769535 
13.1666666666667 0.0500619506835938 0.0163207397460938 0 281.996557617187 282.062940307617 0 0.500184701805804 0.00505869243333181 0.494756605760865 
13.3333333333333 0.050394287109375 0.01631953125 0 281.996557617187 282.063271435547 0 0.500186228835551 0.0050922901262082 0.494721481038241 
13.5 0.0504244995117187 0.0163194305419922 0 281.996557617187 282.063301547241 0 0.500186228835551 0.00509534305793854 0.494718428106511 
13.6666666666667 0.0680987548828125 0.0162605163574219 0.14974365234375 281.831323242188 282.065426165771 0.000286977334896444 0.499896199687378 0.00688135013677218 0.492935472840954 
13.8333333333333 0.0506057739257812 0.0163188262939453 0 281.996557617187 282.063482217407 0 0.500186228835551 0.00511366064832058 0.494700110516129 
14 0.0535968017578125 0.0163087554931641 0.05416259765625 281.938037109375 282.062105264282 0.000103799995725883 0.500083955878896 0.00541591742405046 0.494396326701328 
14.1666666666667 0.0502734375 0.0163201354980469 0 281.996557617187 282.063151190186 0 0.50018317478538 0.00508004738121115 0.494736777833409 
14.3333333333333 0.050394287109375 0.0163194305419922 0 281.996557617187 282.063271334839 0 0.500187755874622 0.00509230567266977 0.494719938452708 
14.5 0.0571920776367188 0.0162968719482422 0.0446044921875 281.946643066406 282.064736508179 8.5482349421315e-05 0.50009922058415 0.00577921740909105 0.494036079657338 
14.6666666666667 0.0502734375 0.0163200347900391 0 281.996557617187 282.063151089478 0 0.500184701805804 0.00508006289020165 0.494735235303995 
14.8333333333333 0.050394287109375 0.0163194305419922 0 281.996557617187 282.063271334839 0 0.500187755874622 0.00509230567266977 0.494719938452708 
15 0.0504547119140625 0.0163194305419922 0 281.996557617187 282.063331759644 0 0.500184701805804 0.00509838042466151 0.494716917769535 
15.1666666666667 0.0500619506835938 0.0163207397460938 0 281.996557617187 282.062940307617 0 0.500184701805804 0.00505869243333181 0.494756605760865 
15.3333333333333 0.0617239379882813 0.0162815643310547 0.10513916015625 281.879516601562 282.062661264038 0.000201495954816059 0.499984735154938 0.00623721569226072 0.493576553197985 
15.5 0.050635986328125 0.0163187255859375 0 281.996557617187 282.063512329102 0 0.500186228835551 0.00511671358005092 0.494697057584398 
15.6666666666667 0.0500619506835938 0.0163208404541016 0 281.996557617187 282.062940408325 0 0.50018317478538 0.00505867698958346 0.494758148225036 
15.8333333333333 0.050394287109375 0.0163194305419922 0 281.996557617187 282.063271334839 0 0.500187755874622 0.00509230567266977 0.494719938452708 
16 0.0536270141601562 0.0163088562011719 0.05416259765625 281.938037109375 282.062135577393 0.000103799361939216 0.500080902443864 0.00541893727770909 0.494396360916487 
16.1666666666667 0.0569805908203125 0.0162976776123047 0.046197509765625 281.946643066406 282.066118844605 8.85347498893316e-05 0.500096167055914 0.00575781166521653 0.49405748652898 
16.3333333333333 0.08290283203125 0.0162113708496094 0.2102783203125 281.764196777344 282.073589300537 0.000402988218700485 0.499775608832769 0.00837727024328887 0.491444132705242 
16.5 0.0508474731445313 0.0163181213378906 0 281.996557617187 282.06372321167 0 0.500184701805804 0.00513806841599121 0.494677229778205 
16.6666666666667 0.0500619506835938 0.0163208404541016 0 281.996557617187 282.062940408325 0 0.50018317478538 0.00505867698958346 0.494758148225036 
16.8333333333333 0.0730838012695312 0.016243798828125 0.2102783203125 281.767639160156 282.067245080566 0.000402989449003517 0.499783240523642 0.00738508694802657 0.492428683079328 
17 0.0508474731445313 0.0163181213378906 0 281.996557617187 282.06372321167 0 0.500184701805804 0.00513806841599121 0.494677229778205 
17.1666666666667 0.0546542358398438 0.0163055328369141 0.058941650390625 281.93115234375 282.061053762817 0.000112958129169147 0.500068690754224 0.0055227366396483 0.494295614476958 
17.3333333333333 0.0506057739257812 0.0163188262939453 0 281.996557617187 282.063482217407 0 0.500186228835551 0.00511366064832058 0.494700110516129 
17.5 0.100758361816406 0.0161517517089844 0.47471923828125 281.4767578125 282.068387164307 0.00090978198814841 0.49926881615382 0.0101816205720636 0.489639781285968 
17.6666666666667 0.0618447875976562 0.0162814636230469 0.10513916015625 281.879516601562 282.062782012939 0.000201494109350243 0.49998015588317 0.00624937033090828 0.493568979676571 
17.8333333333333 0.0573431396484375 0.0162961669921875 0.046197509765625 281.946643066406 282.066479882813 8.85355607659242e-05 0.500100747362251 0.00579449980461118 0.494016217272372 
18 0.0538385009765625 0.0163081512451172 0.05416259765625 281.938037109375 282.062346359253 0.000103799361939216 0.500080902443864 0.00544030773457893 0.494374990459617 
18.1666666666667 0.05486572265625 0.0163048278808594 0.058941650390625 281.93115234375 282.061264544678 0.000112958129169147 0.500068690754224 0.00554410709651814 0.494274244020088 
18.3333333333333 0.0619052124023438 0.0162812622070313 0.10513916015625 281.882958984375 282.066284619141 0.000201492879058479 0.499983208926745 0.00625543801804277 0.493559860176154 
18.5 0.0574337768554688 0.0162961669921875 0.046197509765625 281.946643066406 282.06657052002 8.85347498893316e-05 0.500096167055914 0.00580360550136618 0.49401169269283 
18.6666666666667 0.057041015625 0.0162973754882813 0.04779052734375 281.944921875 282.066050793457 9.15879519102194e-05 0.500094640883641 0.00576393510688314 0.494049836057566 
18.8333333333333 0.0506057739257812 0.0163188262939453 0 281.996557617187 282.063482217407 0 0.500186228835551 0.00511366064832058 0.494700110516129 
19 0.0684310913085938 0.0162590057373047 0.151336669921875 281.833044433594 282.069071200561 0.00029003205617463 0.499902304991604 0.00691497481300565 0.492892688139215 
19.1666666666667 0.06163330078125 0.016282470703125 0.10513916015625 281.882958984375 282.066013916016 0.000201491033649003 0.499978629738855 0.00622790467642372 0.493591974551072 
19.3333333333333 0.084715576171875 0.0162054290771484 0.31541748046875 281.652319335937 282.068657821655 0.000604478637175436 0.499574117323808 0.00856039443757537 0.491261009601441 
19.5 0.0554095458984375 0.0163029144287109 0.058941650390625 281.93115234375 282.061806454468 0.000112958474022604 0.500070217429798 0.00559907679344475 0.494217747302735 
19.6666666666667 0.0502734375 0.0163201354980469 0 281.996557617187 282.063151190186 0 0.50018317478538 0.00508004738121115 0.494736777833409 
19.8333333333333 0.0777969360351562 0.0162278869628906 0.267626953125 281.703955078125 282.065606854248 0.000512900359946145 0.499674857807534 0.00786141920750788 0.491950822625012 
20 0.0595486450195313 0.0162888153076172 0.113104248046875 281.874353027344 282.063294735718 0.000216759476357952 0.499972523446659 0.00601736518171161 0.493793351895272 
20.1666666666667 0.0502734375 0.0163201354980469 0 281.996557617187 282.063151190186 0 0.50018317478538 0.00508004738121115 0.494736777833409 
20.3333333333333 0.0504244995117187 0.0163194305419922 0 281.996557617187 282.063301547241 0 0.500186228835551 0.00509534305793854 0.494718428106511 
20.5 0.0504547119140625 0.0163194305419922 0 281.996557617187 282.063331759644 0 0.500184701805804 0.00509838042466151 0.494716917769535 
20.6666666666667 0.0500619506835938 0.0163207397460938 0 281.996557617187 282.062940307617 0 0.500184701805804 0.00505869243333181 0.494756605760865 
20.8333333333333 0.0504244995117187 0.0163194305419922 0 281.996557617187 282.063301547241 0 0.500186228835551 0.00509534305793854 0.494718428106511 
21 0.0504547119140625 0.0163194305419922 0 281.996557617187 282.063331759644 0 0.500184701805804 0.00509838042466151 0.494716917769535 
21.1666666666667 0.0500619506835938 0.0163208404541016 0 281.996557617187 282.062940408325 0 0.50018317478538 0.00505867698958346 0.494758148225036 
21.3333333333333 0.050394287109375 0.0163194305419922 0 281.996557617187 282.063271334839 0 0.500187755874622 0.00509230567266977 0.494719938452708 
21.5 0.0504547119140625 0.0163194305419922 0 281.996557617187 282.063331759644 0 0.500184701805804 0.00509838042466151 0.494716917769535 
21.6666666666667 0.0500619506835938 0.0163208404541016 0 281.996557617187 282.062940408325 0 0.50018317478538 0.00505867698958346 0.494758148225036 
21.8333333333333 0.050394287109375 0.01631953125 0 281.996557617187 282.063271435547 0 0.500186228835551 0.0050922901262082 0.494721481038241 
22 0.0536270141601562 0.0163088562011719 0.05416259765625 281.938037109375 282.062135577393 0.000103799361939216 0.500080902443864 0.00541893727770909 0.494396360916487 
22.1666666666667 0.0683102416992187 0.0162602142333984 0.14974365234375 281.831323242188 282.065637350464 0.000286973830428995 0.499890095128772 0.00690263649574424 0.492920294545055 
22.3333333333333 0.0573733520507813 0.0162961669921875 0.046197509765625 281.946643066406 282.066510095215 8.85352904720763e-05 0.50009922058415 0.00579753505539562 0.494014709069983 
22.5 0.0506661987304688 0.0163187255859375 0 281.996557617187 282.063542541504 0 0.500184701805804 0.00511975088153135 0.494695547312665 
22.6666666666667 0.0500619506835938 0.0163208404541016 0 281.996557617187 282.062940408325 0 0.50018317478538 0.00505867698958346 0.494758148225036 
22.8333333333333 0.050394287109375 0.0163200347900391 0 281.996557617187 282.063271939087 0 0.500178593780052 0.0050922123953242 0.494729193824624 
23 0.0504244995117187 0.0163199340820313 0 281.996557617187 282.063302050781 0 0.500178593780052 0.00509526528045329 0.494726140939495 
23.1666666666667 0.0728421020507812 0.0162448059082031 0.2102783203125 281.76591796875 282.065283197022 0.000402988218700485 0.49977866177382 0.00736064087338538 0.492457709134094 
23.3333333333333 0.05873291015625 0.0162915344238281 0.11151123046875 281.87607421875 282.062609893799 0.000213706525986714 0.49997557639703 0.00593493552168816 0.493875781555295 
23.5 0.061995849609375 0.0162807586669922 0.10513916015625 281.882958984375 282.066374752808 0.000201494109350243 0.499986261765272 0.00626463503616209 0.493547609089216 
23.6666666666667 0.054140625 0.0163071441650391 0.055755615234375 281.936315917969 282.062519302368 0.000106852284349193 0.500077849521454 0.0054708369586787 0.494344461235518 
23.8333333333333 0.0506057739257812 0.0163188262939453 0 281.996557617187 282.063482217407 0 0.500186228835551 0.00511366064832058 0.494700110516129 
24 0.0526602172851563 0.0163120788574219 0.05416259765625 281.938037109375 282.061172003174 0.000103799361939216 0.500080902443864 0.00532124376058982 0.494494054433607 
24.1666666666667 0.0502734375 0.0163201354980469 0 281.996557617187 282.063151190186 0 0.50018317478538 0.00508004738121115 0.494736777833409 
24.3333333333333 0.050394287109375 0.0163194305419922 0 281.996557617187 282.063271334839 0 0.500187755874622 0.00509230567266977 0.494719938452708 
24.5 0.05438232421875 0.0163063385009766 0.055755615234375 281.934594726563 282.061039004517 0.000106852610561923 0.500076323293258 0.00549527711461316 0.494321546981566 
24.6666666666667 0.0503036499023438 0.0163200347900391 0 281.996557617187 282.06318130188 0 0.50018317478538 0.00508310029430082 0.494733724920319 
24.8333333333333 0.0504244995117187 0.0163194305419922 0 281.996557617187 282.063301547241 0 0.500186228835551 0.00509534305793854 0.494718428106511 
25 0.0504547119140625 0.0163194305419922 0 281.996557617187 282.063331759644 0 0.500184701805804 0.00509838042466151 0.494716917769535 
25.1666666666667 0.0500921630859375 0.0163207397460938 0 281.996557617187 282.06297052002 0 0.50018317478538 0.00506172990267313 0.494755095311947 
25.3333333333333 0.050394287109375 0.01631953125 0 281.996557617187 282.063271435547 0 0.500186228835551 0.0050922901262082 0.494721481038241 
25.5 0.0571920776367188 0.0162968719482422 0.04779052734375 281.944921875 282.066201351929 9.15879519102194e-05 0.500094640883641 0.00577919976553484 0.494034571398914 
25.6666666666667 0.0502734375 0.0163200347900391 0 281.996557617187 282.063151089478 0 0.500184701805804 0.00508006289020165 0.494735235303995 
25.8333333333333 0.0617239379882813 0.0162813629150391 0.10513916015625 281.882958984375 282.066103445435 0.000201495954816059 0.499990841092963 0.00623721569226072 0.49357044725996 
26 0.065137939453125 0.0162703857421875 0.1593017578125 281.824438476562 282.06514855957 0.000305293173034065 0.499880935662517 0.00658212081061443 0.493231650353835 
26.1666666666667 0.0550469970703125 0.0163041229248047 0.058941650390625 281.93115234375 282.061445114136 0.000112958474022604 0.500070217429798 0.00556244161268066 0.494254382483499 
26.3333333333333 0.050635986328125 0.0163187255859375 0 281.996557617187 282.063512329102 0 0.500186228835551 0.00511671358005092 0.494697057584398 
26.5 0.0778573608398438 0.0162279876708984 0.269219970703125 281.703955078125 282.067260397339 0.000515947037578651 0.499668755895992 0.00786742908781174 0.491947867978617 
26.6666666666667 0.0504849243164063 0.0163194305419922 0 281.996557617187 282.063361972046 0 0.50018317478538 0.00510141777283884 0.494715407441781 
26.8333333333333 0.0504244995117187 0.0163194305419922 0 281.996557617187 282.063301547241 0 0.500186228835551 0.00509534305793854 0.494718428106511 
27 0.0504547119140625 0.0163194305419922 0 281.996557617187 282.063331759644 0 0.500184701805804 0.00509838042466151 0.494716917769535 
27.1666666666667 0.0500619506835938 0.0163208404541016 0 281.996557617187 282.062940408325 0 0.50018317478538 0.00505867698958346 0.494758148225036 
27.3333333333333 0.0662860107421875 0.0162661560058594 0.164080810546875 281.819274902344 282.065907879639 0.000314455808273546 0.499877881239505 0.00669821401312777 0.493109448939093 oE-wB-
27.5 0.0658026123046875 0.0162651489257813 0.113104248046875 281.872631835938 282.067803845215 0.000216778668978972 0.500013739493104 0.00664991466248172 0.493119567175435 
27.6666666666667 0.0551376342773438 0.0163009002685547 0.046197509765625 281.946643066406 282.064279110718 8.85425889853019e-05 0.500140446865287 0.00557207672062676 0.494198933825101 
27.8333333333333 0.0489743041992188 0.0163212432861328 0 281.996557617187 282.061853164673 0 0.500232044063947 0.00494925562706855 0.494818700308985 
28 0.0525091552734375 0.0163092590332031 0.05416259765625 281.938037109375 282.061018121338 0.000103809820409011 0.500131288890517 0.00530651376090766 0.494458387528166 
28.1666666666667 0.0480679321289062 0.0163242645263672 0 281.996557617187 282.060949813843 0 0.500232044063947 0.00485765928603705 0.494910296650017 
28.3333333333333 0.0483700561523438 0.0163231567382813 0 281.996557617187 282.061250830078 0 0.500233571382773 0.00488820632444134 0.494878222292786 
28.5 0.0483700561523438 0.0163231567382813 0 281.996557617187 282.061250830078 0 0.500233571382773 0.00488820632444134 0.494878222292786 
28.6666666666667 0.048460693359375 0.0163231567382813 0 281.996557617187 282.061341467285 0 0.500228989454272 0.00489732112870429 0.494873689417023 
28.8333333333333 0.0486117553710938 0.0163223510742188 0 281.996557617187 282.061491723633 0 0.500233571382773 0.00491263208996009 0.494853796527267 
29 0.048702392578125 0.0163222503662109 0 281.996557617187 282.061582260132 0 0.500230516754446 0.00492176169758034 0.494847721547973 
29.1666666666667 0.0481887817382813 0.0163238616943359 0 281.996557617187 282.06107026062 0 0.500232044063947 0.00486987213150792 0.494898083804546 
29.3333333333333 0.0711502075195313 0.0162472229003906 0.208685302734375 281.76591796875 282.062000701904 0.000399975574010747 0.499829018075232 0.00719040058622374 0.492580605764533 
29.5 0.09474609375 0.0161687713623047 0.418963623046875 281.538720703125 282.068599191284 0.000802999493163818 0.499422939527726 0.00957492931772522 0.490199131661385 
29.6666666666667 0.0484002685546875 0.0163229553222656 0 281.996557617187 282.061280841064 0 0.500235098710926 0.00489127447927162 0.494873626809802 
29.8333333333333 0.0481585693359375 0.0163234588623047 0 281.996557617187 282.061039645386 0 0.500239680751346 0.0048668932184087 0.494893426030246 
30 0.0519049072265625 0.016311474609375 0.05416259765625 281.938037109375 282.060416088867 0.000103809186502363 0.500128234877444 0.00524541712973706 0.494522538806316 
30.1666666666667 0.048944091796875 0.0163220489501953 0 281.996557617187 282.061823757935 0 0.500221353093295 0.00494609670535003 0.494832550201355 
30.3333333333333 0.0484909057617187 0.0163224517822266 0 281.996557617187 282.061370974731 0 0.500238153395212 0.0049004640937958 0.494861382510992 
30.5 0.0663766479492187 0.0162632354736328 0.151336669921875 281.833044433594 282.067020986938 0.000290055079933074 0.499941988984013 0.00670790537487329 0.49306005056118 
30.6666666666667 0.053778076171875 0.0163057342529297 0.058941650390625 281.93115234375 282.060177804565 0.000112967440951613 0.500109914266872 0.00543464986199653 0.49434246843018 
30.8333333333333 0.0554095458984375 0.0162996917724609 0.046197509765625 281.946643066406 282.064549813843 8.85434000054958e-05 0.500145027982768 0.00559960674517515 0.494166821872052 
31 0.0533551025390625 0.0163068420410156 0.058941650390625 281.932873535156 282.061477130127 0.000112968130774351 0.500116021323498 0.00539193834993252 0.494379072195795 
31.1666666666667 0.05534912109375 0.0163002960205078 0.0446044921875 281.946643066406 282.062896975708 8.54893962616708e-05 0.500140446865287 0.00559344906969218 0.494180614668759 
31.3333333333333 0.0484304809570313 0.0163225524902344 0 281.996557617187 282.061310650635 0 0.500239680751346 0.00489437254021904 0.494865946708435 
31.5 0.121937255859375 0.0160776306152344 0.575079345703125 281.371765136719 282.084859368897 0.00110222949578344 0.49913287208642 0.0123229868282049 0.487441911589592 
31.6666666666667 0.059820556640625 0.0162849884033203 0.10513916015625 281.881237792969 282.062482498169 0.000201513180793962 0.50003053230012 0.00604539542381886 0.493722559095267 
31.8333333333333 0.0486721801757812 0.0163220489501953 0 281.996557617187 282.061551846313 0 0.500235098710926 0.00491875354937989 0.494846147739694 
32 0.0787939453125 0.0162221466064453 0.543218994140625 281.409631347656 282.047866433716 0.00104113553997075 0.499186326623454 0.00796270231156515 0.49180983552501 oB-
32.1666666666667 0.0908184814453125 0.0161814605712891 0.731195068359375 281.2013671875 282.039562197876 0.00140144969131468 0.498830598623587 0.00917812150782552 0.490589830177273 
32.3333333333333 0.0956524658203125 0.0161656494140625 1.00360107421875 280.91220703125 282.027626220703 0.00192352316166144 0.498308520902285 0.00966646719019064 0.490101488745863 
32.5 0.120335998535156 0.0160838745117188 1.39389038085937 280.4853515625 282.015661816406 0.00267154363317721 0.497548286242924 0.0121608666182227 0.487619303505676 
32.6666666666667 0.09402099609375 0.0161715911865234 1.00360107421875 280.91220703125 282.026000692749 0.00192349379749579 0.498300913812212 0.00950144872667764 0.490274143663614 
32.8333333333333 0.10852294921875 0.0161223449707031 0.998822021484375 280.91220703125 282.035674346924 0.00191440444312814 0.498319171218593 0.0109673696327214 0.488799054705557 
33 0.0955316162109375 0.0161672607421875 0.906427001953125 281.017199707031 282.035325585938 0.00173721361926628 0.498476503346197 0.00965390063992966 0.490132382394607 
33.1666666666667 0.113779907226563 0.0161094543457031 1.0131591796875 280.896716308594 282.039764849854 0.00194161123203781 0.49822171612789 0.011497024999771 0.488339647640301 
33.3333333333333 0.100486450195313 0.0161514495849609 0.893682861328125 281.024084472656 282.034405233765 0.00171277313541288 0.498484149979086 0.0101545159507723 0.489648560934728 
33.5 0.0890963745117188 0.0161872009277344 0.8474853515625 281.080883789063 282.033652716064 0.00162432332583254 0.498612302722574 0.00900400279676723 0.490759371154827 
33.6666666666667 0.120970458984375 0.0160841766357422 1.49265747070312 280.385522460938 282.015234567261 0.00286059703132919 0.497328684735952 0.0122239386482839 0.487586779584435 
33.8333333333333 0.087857666015625 0.0161921356201172 0.788543701171875 281.142846679688 282.035440182495 0.0015113211694878 0.498711560538336 0.00887863022398085 0.490898488068196 
34 0.101000061035156 0.0161479248046875 1.12944946289062 280.77451171875 282.02110916748 0.00216472685971104 0.498064263992868 0.0102068856022765 0.489564123545145 
34.1666666666667 0.102148132324219 0.0161469177246094 1.05935668945312 280.845080566406 282.022732305908 0.00203023059145349 0.498151421619361 0.0103221197439162 0.48949622804527 
34.3333333333333 0.105803833007813 0.0161319122314453 1.21865844726562 280.679846191406 282.020440383911 0.00233569956491871 0.497894817189527 0.0106923135638501 0.489077169681704 
34.5 0.109338684082031 0.0161221435546875 1.29034423828125 280.604113769531 282.019918835449 0.00247293509919217 0.497728563316298 0.011048829782687 0.488749671801823 
34.6666666666667 0.113417358398438 0.0161083465576172 1.36203002929687 280.524938964844 282.016494699097 0.00261034429067329 0.49759268248749 0.0114610906048977 0.488335882616939 
34.8333333333333 0.116710510253906 0.01609716796875 1.23936767578125 280.6505859375 282.022761291504 0.0023753041641097 0.497824673243023 0.0117940873855473 0.48800593520732 
35 0.104837036132813 0.0161381561279297 1.14537963867187 280.755578613281 282.021933444214 0.00219506461549734 0.497986585377023 0.0105937054461415 0.489224644561338 
35.1666666666667 0.11674072265625 0.0160968658447266 1.08165893554687 280.819262695313 282.03375921936 0.00207306722355542 0.498128438574316 0.0117972485299236 0.488001245672205 
35.3333333333333 0.105562133789062 0.0161366455078125 1.03546142578125 280.855407714844 282.012567919922 0.00198442379965257 0.49816669770509 0.0106670411630555 0.489181837332202 
35.5 0.117858581542969 0.0160951538085938 1.11829833984375 280.771069335938 282.023321411133 0.00214319078977497 0.498020143551041 0.0119096684770828 0.487926997182101 
35.6666666666667 0.118795166015625 0.0160890106201172 1.34291381835937 280.536987304688 282.014785299683 0.00257385718298506 0.497642920824123 0.0120052270978615 0.487777994895031 
35.8333333333333 0.0893984985351562 0.0161858917236328 0.861822509765625 281.063671875 282.031078775024 0.00165182265348058 0.498587859561488 0.00903464552985036 0.490725672255181 
36 0.0936282348632813 0.0161717926025391 0.928729248046875 280.987939453125 282.026468728638 0.00178007114177977 0.498456559241561 0.00946216203837992 0.490301207578279 
36.1666666666667 0.0959848022460938 0.0161651458740234 1.0259033203125 280.888110351563 282.026163619995 0.00196623210087626 0.498256648245962 0.00969987482062712 0.490077244832534 
36.3333333333333 0.0915133666992188 0.0161792449951172 0.9494384765625 280.96728515625 282.024416244507 0.00181973619931607 0.498412310698583 0.00924829018075232 0.490519662921348 
36.5 0.116378173828125 0.0160972686767578 1.18201904296875 280.717712402344 282.032206887817 0.00226544133361829 0.497954385857784 0.0117607547400238 0.488019418068574 oE-
36.6666666666667 0.04833984375 0.0163225524902344 0 281.996557617187 282.061220013428 0 0.500244262875707 0.00488525751413671 0.494870479610156 
36.8333333333333 0.0485513305664063 0.0163223510742188 0 281.996557617187 282.061431298828 0 0.500236626048406 0.00490655561017461 0.494856818341419 
37 0.0559231567382813 0.0162986846923828 0.0446044921875 281.944921875 282.061748208618 8.54888742336533e-05 0.50013433965951 0.00565142522166044 0.494128746244596 
37.1666666666667 0.0486419677734375 0.01632275390625 0 281.996557617187 282.061522338867 0 0.500225934881903 0.00491561026843506 0.494858454849662 
37.3333333333333 0.0490347290039062 0.0163214447021484 0 281.996557617187 282.061913790894 0 0.500225934881903 0.00495530153147212 0.494818763586625 
37.5 0.0649566650390625 0.0162683715820313 0.1083251953125 281.877795410156 282.06734564209 0.000207616471313815 0.500016792508709 0.00656434431359857 0.493211246706378 
37.6666666666667 0.0653494262695313 0.0162673645019531 0.10513916015625 281.881237792969 282.067993743897 0.000201508258785455 0.500018318932617 0.00660397520837786 0.49317619760022 
37.8333333333333 0.0721774291992188 0.0162443023681641 0.2102783203125 281.76591796875 282.06461802063 0.000403021439519305 0.499819861629306 0.0072940774167547 0.49248303951442 
38 0.0580984497070312 0.0162912322998047 0.113104248046875 281.874353027344 282.061846957398 0.000216775359663907 0.500009159522239 0.00587125375540412 0.493902811362693 
38.1666666666667 0.05341552734375 0.0163071441650391 0.058941650390625 281.93115234375 282.059816665649 0.0001129667511373 0.500106860440265 0.00539797881110127 0.494382193997496 
38.3333333333333 0.0488534545898437 0.0163215454101562 0 281.996557617187 282.061732617187 0 0.500233571382773 0.00493705785547885 0.494829370761748 
38.5 0.0484909057617187 0.0163226531982422 0 281.996557617187 282.061371176147 0 0.500235098710926 0.00490043416930771 0.494864467119766 
38.6666666666667 0.048460693359375 0.0163233581542969 0 281.996557617187 282.061341668701 0 0.500225934881903 0.00489729122395643 0.49487677389414 
38.8333333333333 0.0487628173828125 0.0163220489501953 0 281.996557617187 282.06164248352 0 0.500230516754446 0.00492786810167163 0.494841615143882 
39 0.04833984375 0.0163230560302734 0 281.996557617187 282.061220516968 0 0.500236626048406 0.00488518293483471 0.494878191016759 
39.1666666666667 0.0489138793945312 0.0163223510742188 0 281.996557617187 282.061793847656 0 0.500218298614185 0.00494301337575145 0.494838688010063 
39.3333333333333 0.0487628173828125 0.0163218475341797 0 281.996557617187 282.061642282104 0 0.500233571382773 0.00492789819340932 0.494838530423818 
39.5 0.0485211181640625 0.01632275390625 0 281.996557617187 282.061401489258 0 0.500232044063947 0.0049034574565528 0.494864498479501 
39.6666666666667 0.0482794189453125 0.0163237609863281 0 281.996557617187 282.061160797119 0 0.500228989454272 0.0048790019723625 0.494892008573365 
39.8333333333333 0.0964984130859375 0.0161627288818359 0.409405517578125 281.547326660156 282.069393319702 0.000784687300584088 0.499442780418846 0.00975210598469096 0.490020426295879 
40 0.0692770385742188 0.0162532653808594 0.21983642578125 281.755590820312 282.060957550049 0.000421349601091845 0.499812224634296 0.00700112054567827 0.492765305218934 
40.1666666666667 0.0718450927734375 0.0162456115722656 0.14974365234375 281.831323242188 282.069157598877 0.000286998363498693 0.499932830170245 0.00726044796170098 0.492519723504555 
40.3333333333333 0.0558929443359375 0.0162981811523438 0.046197509765625 281.946643066406 282.06503170166 8.85431296637804e-05 0.500143500934283 0.00564844103027564 0.494119514905778 
40.5 0.0492160034179688 0.0163206390380859 0 281.996557617187 282.062094259644 0 0.500228989454272 0.00497365094679506 0.494797359598933 
40.6666666666667 0.0482794189453125 0.0163237609863281 0 281.996557617187 282.061160797119 0 0.500228989454272 0.0048790019723625 0.494892008573365 
40.8333333333333 0.0488534545898437 0.0163216461181641 0 281.996557617187 282.061732717895 0 0.500232044063947 0.00493704278159768 0.494830913154456 
41 0.0489138793945312 0.0163216461181641 0 281.996557617187 282.0617931427 0 0.500228989454272 0.00494311901955875 0.494827891526169 
41.1666666666667 0.0658328247070313 0.0162661560058594 0.113104248046875 281.874353027344 282.069556256104 0.000216770726792557 0.499998473445586 0.00665272413635184 0.49313203169127 wE-oB-
41.3333333333333 0.060062255859375 0.0162871032714844 0.13062744140625 281.853698730469 282.060675531006 0.000250342694725402 0.499937414326319 0.0060692838672451 0.493742959111711 
41.5 0.050877685546875 0.0163180206298828 0 281.996557617187 282.063753323364 0 0.500184701805804 0.00514112133840118 0.494674176855795 
41.6666666666667 0.06163330078125 0.0162821685791016 0.10513916015625 281.882958984375 282.066013613892 0.000201492879058479 0.499983208926745 0.00622796171635298 0.493587336477843 
41.8333333333333 0.06211669921875 0.0162802551269531 0.10513916015625 281.881237792969 282.064773907471 0.00020149533965703 0.499986261681387 0.00627688512628568 0.49353535785267 
42 0.054986572265625 0.0163041229248047 0.05416259765625 281.938037109375 282.063490402222 0.000103799995725883 0.500083955878896 0.00555635271238548 0.494255891412993 
42.1666666666667 0.0504849243164063 0.0163193298339844 0 281.996557617187 282.063361871338 0 0.500184701805804 0.00510143334707148 0.494713864847125 
42.3333333333333 0.050635986328125 0.0163187255859375 0 281.996557617187 282.063512329102 0 0.500186228835551 0.00511671358005092 0.494697057584398 
42.5 0.0506661987304688 0.0163187255859375 0 281.996557617187 282.063542541504 0 0.500184701805804 0.00511975088153135 0.494695547312665 
42.6666666666667 0.0664068603515625 0.016266357421875 0.106732177734375 281.879516601562 282.06892199707 0.000204545801468456 0.499977103081925 0.00671032345712934 0.493108027659477 
42.8333333333333 0.0508172607421875 0.0163181213378906 0 281.996557617187 282.063692999268 0 0.500186228835551 0.00513503117043297 0.494678739994016 
43 0.0554095458984375 0.0163029144287109 0.07327880859375 281.9173828125 282.062374081421 0.00014043443085894 0.500044267374945 0.00559905969989773 0.494216238494299 
43.1666666666667 0.0550469970703125 0.0163041229248047 0.058941650390625 281.932873535156 282.063166305542 0.000112958129169147 0.500071743676634 0.005562424630978 0.494252873563218 
43.3333333333333 0.0508172607421875 0.0163181213378906 0 281.996557617187 282.063692999268 0 0.500186228835551 0.00513503117043297 0.494678739994016 
43.5 0.0506661987304688 0.0163187255859375 0 281.996557617187 282.063542541504 0 0.500184701805804 0.00511975088153135 0.494695547312665 
43.6666666666667 0.06163330078125 0.0162820678710937 0.10513916015625 281.882958984375 282.066013513184 0.000201493494202483 0.499984735341348 0.00622798072989492 0.493585790434554 
43.8333333333333 0.0508172607421875 0.0163181213378906 0 281.996557617187 282.063692999268 0 0.500186228835551 0.00513503117043297 0.494678739994016 
44 0.0538385009765625 0.0163081512451172 0.05416259765625 281.938037109375 282.062346359253 0.000103799361939216 0.500080902443864 0.00544030773457893 0.494374990459617 
44.1666666666667 0.0504849243164063 0.0163194305419922 0 281.996557617187 282.063361972046 0 0.50018317478538 0.00510141777283884 0.494715407441781 
44.3333333333333 0.0506057739257812 0.0163188262939453 0 281.996557617187 282.063482217407 0 0.500186228835551 0.00511366064832058 0.494700110516129 
44.5 0.0619354248046875 0.0162810607910156 0.10513916015625 281.882958984375 282.066314630127 0.000201493494202483 0.499984735341348 0.00625851004719832 0.493555261117251 
44.6666666666667 0.0550469970703125 0.0163042236328125 0.058941650390625 281.932873535156 282.06316640625 0.000112957784317796 0.500070217001062 0.00556240764937904 0.494254417565241 
44.8333333333333 0.0508474731445313 0.0163180206298828 0 281.996557617187 282.063723110962 0 0.500186228835551 0.00513808410216331 0.494675687062286 
45 0.06888427734375 0.0162580993652344 0.1529296875 281.829602050781 282.06767411499 0.000293080551357787 0.499888568332036 0.00696066309474745 0.492857688021859 
45.1666666666667 0.0933865356445313 0.0161754180908203 0.310638427734375 281.657482910156 282.077683291626 0.000595339862735999 0.499600053733239 0.00943690008059986 0.490367706323425 
45.3333333333333 0.071663818359375 0.0162485321044922 0.16248779296875 281.817553710938 282.06795385437 0.000311401888560865 0.499873302172791 0.00724162038888601 0.492573675549762 
45.5 0.0556512451171875 0.0163021087646484 0.058941650390625 281.932873535156 282.063768539429 0.000112958129169147 0.500071743676634 0.00562348307917754 0.494191815115019 
45.6666666666667 0.0504849243164063 0.0163194305419922 0 281.996557617187 282.063361972046 0 0.50018317478538 0.00510141777283884 0.494715407441781 
45.8333333333333 0.050635986328125 0.0163187255859375 0 281.996557617187 282.063512329102 0 0.500186228835551 0.00511671358005092 0.494697057584398 
46 0.0548052978515625 0.0163049285888672 0.05416259765625 281.938037109375 282.063309933472 0.000103799361939216 0.500080902443864 0.00553800125169819 0.494277296942498 
46.1666666666667 0.0664068603515625 0.0162661560058594 0.164080810546875 281.819274902344 282.066028729248 0.000314451968225087 0.499871776867326 0.00671034394328874 0.49310342722116 
46.3333333333333 0.0577963256835938 0.0162949584960938 0.046197509765625 281.946643066406 282.066931860352 8.85347498893316e-05 0.500096167055914 0.00584024057028591 0.49397505762391 
46.5 0.050877685546875 0.0163180206298828 0 281.996557617187 282.063753323364 0 0.500184701805804 0.00514112133840118 0.494674176855795 
46.6666666666667 0.0541708374023438 0.0163070434570312 0.055755615234375 281.936315917969 282.062549414062 0.000106852284349193 0.500077849521454 0.00547388988108867 0.494341408313108 
46.8333333333333 0.0508172607421875 0.0163181213378906 0 281.996557617187 282.063692999268 0 0.500186228835551 0.00513503117043297 0.494678739994016 
47 0.0574639892578125 0.0162961669921875 0.046197509765625 281.946643066406 282.066600732422 8.85344796004347e-05 0.50009464030578 0.00580664069655265 0.494010184518067 
47.1666666666667 0.0504849243164063 0.0163194305419922 0 281.996557617187 282.063361972046 0 0.50018317478538 0.00510141777283884 0.494715407441781 
47.3333333333333 0.0506057739257812 0.0163187255859375 0 281.996557617187 282.063482116699 0 0.500187755874622 0.0051136762600251 0.494698567865353 
47.5 0.0506661987304688 0.0163187255859375 0 281.996557617187 282.063542541504 0 0.500184701805804 0.00511975088153135 0.494695547312665 
47.6666666666667 0.0503036499023438 0.0163200347900391 0 281.996557617187 282.06318130188 0 0.50018317478538 0.00508310029430082 0.494733724920319 
47.8333333333333 0.050635986328125 0.0163187255859375 0 281.996557617187 282.063512329102 0 0.500186228835551 0.00511671358005092 0.494697057584398 
48 0.0820870971679687 0.0162136871337891 0.32178955078125 281.645434570313 282.065524905396 0.000616699740497634 0.499569531369257 0.00829491680659441 0.491518852083651 
48.1666666666667 0.0552584838867188 0.0163035186767578 0.058941650390625 281.932873535156 282.06337718811 0.000112957784317796 0.500070217001062 0.00558377804100673 0.494233047173613 
48.3333333333333 0.0554095458984375 0.0163028137207031 0.058941650390625 281.932873535156 282.063527545166 0.000112958474022604 0.500073270361528 0.00559907679344475 0.494214694371004 
48.5 0.0918154907226563 0.0161813598632813 0.361614990234375 281.602404785156 282.072016625977 0.000693021850032514 0.49949168221132 0.00927794450329872 0.490537351435349 
48.6666666666667 0.0761654663085937 0.0162335266113281 0.164080810546875 281.817553710938 282.074033514404 0.000314453888237593 0.499871776084408 0.00769648788589293 0.492117282141461 
48.8333333333333 0.0690957641601563 0.0162571929931641 0.151336669921875 281.831323242188 282.068012869263 0.000290029399822319 0.499894673533749 0.00698207618309098 0.492833220883338 
49 0.0689749145507813 0.0162576965332031 0.14974365234375 281.833044433594 282.068020697021 0.000286975582652021 0.499896200321168 0.00696984314036769 0.492846980955812 
49.1666666666667 0.0571920776367188 0.0162968719482422 0.046197509765625 281.946643066406 282.066329525757 8.85350201798787e-05 0.500097693815371 0.00577919976553484 0.494034571398914 
49.3333333333333 0.0508172607421875 0.0163180206298828 0 281.996557617187 282.06369289856 0 0.500187755874622 0.00513504684738042 0.494677197277998 
49.5 0.0573733520507813 0.0162961669921875 0.046197509765625 281.946643066406 282.066510095215 8.85352904720763e-05 0.50009922058415 0.00579753505539562 0.494014709069983 
49.6666666666667 0.0504849243164063 0.0163193298339844 0 281.996557617187 282.063361871338 0 0.500184701805804 0.00510143334707148 0.494713864847125 
49.8333333333333 0.050635986328125 0.0163187255859375 0 281.996557617187 282.063512329102 0 0.500186228835551 0.00511671358005092 0.494697057584398 
50 0.108945922851563 0.0161242584228516 0.4779052734375 281.478479003906 282.081454458618 0.00091588511137163 0.499270344861274 0.011008939038687 0.488804830988667 
50.1666666666667 0.0552584838867188 0.0163035186767578 0.058941650390625 281.932873535156 282.06337718811 0.000112957784317796 0.500070217001062 0.00558377804100673 0.494233047173613 
50.3333333333333 0.0667996215820312 0.0162646453857422 0.164080810546875 281.815832519531 282.062977597046 0.000314455808273546 0.499871775301481 0.00675011448633796 0.493063654403908 
50.5 0.0577963256835938 0.0162948577880859 0.0446044921875 281.946643066406 282.065338742065 8.5482349421315e-05 0.50009922058415 0.00584027623010627 0.493975020836323 
50.6666666666667 0.068642578125 0.0162590057373047 0.151336669921875 281.829602050781 282.065840304565 0.00029002762894781 0.499888568332036 0.00693623971546763 0.492885164323549 
50.8333333333333 0.0780990600585938 0.0162271820068359 0.267626953125 281.703955078125 282.065908273315 0.000512895662368113 0.499670281359906 0.00789187670965221 0.491924946268073 
51 0.0556210327148437 0.0163021087646484 0.058941650390625 281.932873535156 282.063738327026 0.000112958474022604 0.500073270361528 0.00562044731555713 0.494193323848892 
51.1666666666667 0.0504849243164063 0.0163194305419922 0 281.996557617187 282.063361972046 0 0.50018317478538 0.00510141777283884 0.494715407441781 
51.3333333333333 0.050635986328125 0.0163187255859375 0 281.996557617187 282.063512329102 0 0.500186228835551 0.00511671358005092 0.494697057584398 
51.5 0.0506661987304688 0.0163187255859375 0 281.996557617187 282.063542541504 0 0.500184701805804 0.00511975088153135 0.494695547312665 
51.6666666666667 0.0503036499023438 0.0163200347900391 0 281.996557617187 282.06318130188 0 0.50018317478538 0.00508310029430082 0.494733724920319 
51.8333333333333 0.050635986328125 0.0163187255859375 0 281.996557617187 282.063512329102 0 0.500186228835551 0.00511671358005092 0.494697057584398 
52 0.060545654296875 0.016285693359375 0.09876708984375 281.888122558594 282.063720996094 0.000189282345147198 0.499995420588424 0.00611809386572555 0.493697203200703 
52.1666666666667 0.0504849243164063 0.0163194305419922 0 281.996557617187 282.063361972046 0 0.50018317478538 0.00510141777283884 0.494715407441781 
52.3333333333333 0.050635986328125 0.0163187255859375 0 281.996557617187 282.063512329102 0 0.500186228835551 0.00511671358005092 0.494697057584398 
52.5 0.0506661987304688 0.0163187255859375 0 281.996557617187 282.063542541504 0 0.500184701805804 0.00511975088153135 0.494695547312665 
52.6666666666667 0.0503036499023438 0.0163200347900391 0 281.996557617187 282.06318130188 0 0.50018317478538 0.00508310029430082 0.494733724920319 
52.8333333333333 0.0506057739257812 0.0163187255859375 0 281.996557617187 282.063482116699 0 0.500187755874622 0.0051136762600251 0.494698567865353 
53 0.0506661987304688 0.0163187255859375 0 281.996557617187 282.063542541504 0 0.500184701805804 0.00511975088153135 0.494695547312665 
53.1666666666667 0.0729931640625 0.0162441009521484 0.211871337890625 281.767639160156 282.068747763062 0.000406041159751246 0.499781714714871 0.00737590557863918 0.492436338546739 
53.3333333333333 0.0693072509765625 0.0162563873291016 0.151336669921875 281.831323242188 282.068223550415 0.000290030285267683 0.499896199687378 0.00700346815162173 0.492810301875733 oE-wB-
53.5 0.0671017456054687 0.0162613220214844 0.211871337890625 281.76591796875 282.061152374268 0.000406072152609853 0.499816809555214 0.00678109963117657 0.492996018661 
53.6666666666667 0.0602435302734375 0.0162836791992187 0.10513916015625 281.882958984375 282.064625354004 0.000201511950269293 0.500030532113677 0.00608810346722683 0.493679852468827 
