0.166666666666667 0.0517236328125 0.0163156036376953 0 1.0017333984375 1.0697726348877 0 0.00354223599082184 0.0104197732238608 0.986037990785317 
0.333333333333333 0.14767822265625 0.0159955535888672 2.99009399414062 2.90364990234375 6.05741767272949 0.0112205065667163 0.0100847067544221 0.0292199446447039 0.949474842034158 
0.5 0.049185791015625 0.0163239624023438 0 0.826171875 0.891681628417969 0 0.00292326431181486 0.00991473812423873 0.987161997563946 
0.666666666666667 0.181183776855469 0.0158842712402344 4.11157836914062 3.56458740234375 7.87323381958008 0.0153288789903489 0.0122999257609503 0.0356169265033408 0.93675426874536 
0.833333333333333 0.0491555786132813 0.0163238616943359 0 0.826171875 0.891651315307617 0 0.00292329991839121 0.00990876868171354 0.987167931399895 
1 0.181576538085938 0.0158832641601563 4.10520629882812 3.56458740234375 7.86725350341797 0.0153052133939919 0.0122999988121681 0.0356943471082234 0.936700440685617 
1.16666666666667 0.150155639648438 0.0159877990722656 2.99965209960937 3.07921142578125 6.24500696411133 0.0112487753590289 0.0106872326698368 0.0296900762264331 0.948373915744701 
1.33333333333333 0.1817578125 0.0158819549560547 3.988916015625 3.79522705078125 7.9817828338623 0.0148668867409219 0.0130916474695419 0.0357185266107773 0.936322939178759 
1.5 0.152723693847656 0.0159791381835938 3.05062866210938 3.12396240234375 6.34329389648437 0.0114360447409124 0.0108388622479143 0.0301875750210507 0.947537517990123 
1.66666666666667 0.0494577026367188 0.0163231567382813 0 0.826171875 0.891952734375 0 0.00292324650885196 0.00996948861456386 0.987107264876584 
1.83333333333333 0.048944091796875 0.0163245666503906 0 0.826171875 0.891440533447266 0 0.00292329991839121 0.00986613722457034 0.987210562857038 
2 0.289283752441406 0.0155241394042969 6.78306884765625 3.19625244140625 10.2841291809082 0.0250706547338672 0.0109338200659444 0.056376589731512 0.907618935468676 
2.16666666666667 0.0556210327148437 0.0163026123046875 0 0.915673828125 0.987597473144531 0 0.00323890583429222 0.0112083188739323 0.985552775291776 
2.33333333333333 0.048944091796875 0.0163244659423828 0 0.826171875 0.891440432739258 0 0.00292331772200467 0.00986619731176575 0.98721048496623 
2.5 0.0552584838867188 0.0163036193847656 0 0.9879638671875 1.05952597045898 0 0.00349375810290152 0.0111325497738796 0.985373692123219 
2.66666666666667 0.0486419677734375 0.0163258758544922 0 0.826171875 0.89113971862793 0 0.00292324650885196 0.00980505599844094 0.987271697492707 
2.83333333333333 0.18586669921875 0.0158685607910156 3.78978881835937 3.96734619140625 7.95887026977539 0.0141265750626462 0.0136871607899956 0.0365307649371163 0.935655499210242 
3 0.0498202514648438 0.0163218475341797 0 0.826171875 0.892313973999023 0 0.00292326431181486 0.0100426309378806 0.987034104750305 
3.16666666666667 0.0486419677734375 0.0163258758544922 0 0.826171875 0.89113971862793 0 0.00292324650885196 0.00980505599844094 0.987271697492707 
3.33333333333333 0.048944091796875 0.0163245666503906 0 0.826171875 0.891440533447266 0 0.00292329991839121 0.00986613722457034 0.987210562857038 
3.5 0.0489743041992188 0.0163245666503906 0 0.826171875 0.891470745849609 0 0.00292328211499461 0.00987216730917971 0.987204550575826 
3.66666666666667 0.0486117553710938 0.0163259765625 0 0.826171875 0.891109606933594 0 0.00292324650885196 0.00979896590154749 0.9872777875896 
3.83333333333333 0.0581588745117188 0.0162938507080078 0 1.05853271484375 1.13298544006348 0 0.00374240110020507 0.0117140197038939 0.984543579195901 
4 0.183056945800781 0.0158782287597656 3.71810302734375 1.15147705078125 5.06851525268555 0.01399884842378 0.00401252339139197 0.036340626649393 0.945648001535435 
4.16666666666667 0.151031799316406 0.0159847778320313 3.0649658203125 2.9845458984375 6.21652829589844 0.0114947335719108 0.0103595987597159 0.0298659943482235 0.94827967332015 
4.33333333333333 0.186863708496094 0.01586513671875 3.78819580078125 4.0654541015625 8.05637874755859 0.0141160268548804 0.0140210493823496 0.0367147292251619 0.935148194537608 
4.5 0.0498202514648438 0.0163218475341797 0 0.826171875 0.892313973999023 0 0.00292326431181486 0.0100426309378806 0.987034104750305 
4.66666666666667 0.0486117553710938 0.0163259765625 0 0.826171875 0.891109606933594 0 0.00292324650885196 0.00979896590154749 0.9872777875896 
4.83333333333333 0.0491555786132813 0.0163238616943359 0 0.826171875 0.891651315307617 0 0.00292329991839121 0.00990876868171354 0.987167931399895 
5 0.0492160034179688 0.0163238616943359 0 0.826171875 0.891711740112305 0 0.00292326431181486 0.00992082825822168 0.987155907429964 
5.16666666666667 0.0488232421875 0.0163252716064453 0 0.826171875 0.891320388793945 0 0.00292324650885196 0.00984159657980158 0.987235156911346 
5.33333333333333 0.0491555786132813 0.0163238616943359 0 0.826171875 0.891651315307617 0 0.00292329991839121 0.00990876868171354 0.987167931399895 
5.5 0.0492160034179688 0.0163238616943359 0 0.826171875 0.891711740112305 0 0.00292326431181486 0.00992082825822168 0.987155907429964 
5.66666666666667 0.0488232421875 0.0163252716064453 0 0.826171875 0.891320388793945 0 0.00292324650885196 0.00984159657980158 0.987235156911346 
5.83333333333333 0.0554095458984375 0.0163029144287109 0 0.98280029296875 1.0545127532959 0 0.00347560381768601 0.0111633229450721 0.985361073237242 
6 0.188585815429687 0.0158597991943359 3.71810302734375 1.2082763671875 5.13082500915527 0.0139960782197276 0.00420961735657618 0.0374308141591859 0.94436349026451 
6.16666666666667 0.0494577026367188 0.0163231567382813 0 0.826171875 0.891952734375 0 0.00292324650885196 0.00996948861456386 0.987107264876584 
6.33333333333333 0.1508203125 0.0159851806640625 3.06655883789062 3.15322265625 6.38658698730469 0.0114941156099046 0.0109388154791404 0.029807077986828 0.947759990924127 
6.5 0.0562252807617187 0.0163003967285156 0 0.97935791015625 1.05188358764648 0 0.00346343007401636 0.0113276684846124 0.985208901441371 
6.66666666666667 0.3901025390625 0.0151882781982422 9.46411743164062 8.654150390625 18.5235586395264 0.034007647570637 0.0287814260200577 0.073911251545542 0.863299674863763 
6.83333333333333 0.159823608398438 0.0159550689697266 3.12390747070312 3.1291259765625 6.42881212463379 0.0117076024788356 0.0108538609416232 0.0315824666563183 0.945856069923223 
7 0.186893920898438 0.0158652374267578 3.78978881835937 4.05684814453125 8.04939612121582 0.0141221306074475 0.013991535032263 0.0367211012768686 0.935165233083421 
7.16666666666667 0.049669189453125 0.0163224517822266 0 0.826171875 0.892163516235352 0 0.00292324650885196 0.0100121192928179 0.98706463419833 
7.33333333333333 0.0491555786132813 0.0163238616943359 0 0.826171875 0.891651315307617 0 0.00292329991839121 0.00990876868171354 0.987167931399895 
7.5 0.049185791015625 0.0163238616943359 0 0.826171875 0.891681527709961 0 0.00292328211499461 0.00991479850669005 0.987161919378315 
7.66666666666667 0.0488232421875 0.0163252716064453 0 0.826171875 0.891320388793945 0 0.00292324650885196 0.00984159657980158 0.987235156911346 
7.83333333333333 0.282637023925781 0.0155463958740234 6.818115234375 5.927783203125 13.0440818572998 0.0249635462233887 0.020087489063867 0.0545640128317294 0.900384951881015 
8 0.317562561035156 0.0154299774169922 7.9013671875 3.74359130859375 11.9779510345459 0.0290294449874459 0.0127296457354224 0.061517841988517 0.896723067288615 
8.16666666666667 0.190519409179688 0.0158530517578125 3.78819580078125 4.2100341796875 8.20460244140625 0.0141089079539117 0.014512358643931 0.0374141184009113 0.933964615001246 
8.33333333333333 0.0500015258789062 0.0163210418701172 0 0.826171875 0.892494442749023 0 0.00292329991839121 0.0100792945102864 0.986997405571322 
8.5 0.183902893066406 0.0158751068115234 4.18167114257812 3.57835693359375 7.9598060760498 0.0155854796765345 0.0123436999038153 0.0361405008727869 0.935930319546863 
8.66666666666667 0.155714721679688 0.0159692687988281 2.72565307617187 3.3769775390625 6.27431460571289 0.0102212106549102 0.0117206401548415 0.0307890822416172 0.947269066948631 
8.83333333333333 0.0500015258789062 0.0163210418701172 0 0.826171875 0.892494442749023 0 0.00292329991839121 0.0100792945102864 0.986997405571322 
9 0.423789367675781 0.0150760894775391 10.9647399902344 9.03109130859375 20.4346967559814 0.0391395330323329 0.0298365726893289 0.0797632180509275 0.851260676227411 
9.16666666666667 0.0498202514648438 0.0163219482421875 0 0.826171875 0.892314074707031 0 0.00292324650885196 0.0100425697772852 0.987034183713863 
9.33333333333333 0.282939147949219 0.0155450866699219 6.818115234375 6.13604736328125 13.2526468322754 0.02494637694675 0.020778933134384 0.054584771052877 0.899689918865989 
9.5 0.151636047363281 0.015982763671875 3.0649658203125 3.17215576171875 6.40474039306641 0.0114872529703266 0.0110036420084781 0.0299659681174996 0.947543136903696 
9.66666666666667 0.186591796875 0.015866748046875 3.67509155273437 4.151513671875 8.02906376953125 0.0136957025058327 0.014319043972288 0.0366643513983627 0.935320902123517 
9.83333333333333 0.0500015258789062 0.0163210418701172 0 0.826171875 0.892494442749023 0 0.00292329991839121 0.0100792945102864 0.986997405571322 
10 0.453337097167969 0.0149778991699219 11.5828308105469 6.91058349609375 18.9617293029785 0.0415445356736774 0.0229406286246479 0.0857345286457887 0.849780307055886 
10.1666666666667 0.0498202514648438 0.0163218475341797 0 0.826171875 0.892313973999023 0 0.00292326431181486 0.0100426309378806 0.987034104750305 
10.3333333333333 0.0529925537109375 0.0163111724853516 0 0.9673095703125 1.03661329650879 0 0.00342096773211753 0.0106768281176764 0.985902204150206 
10.5 0.0493670654296875 0.0163232574462891 0 0.826171875 0.891862197875977 0 0.00292328211499461 0.00995133953312748 0.987125378351878 
10.6666666666667 0.0490045166015625 0.0163246673583984 0 0.826171875 0.891501058959961 0 0.00292324650885196 0.00987813716116223 0.987198616329986 
10.8333333333333 0.15106201171875 0.015984375 3.06018676757812 2.98798828125 6.21522143554687 0.0114770846651571 0.0103717954079712 0.0298726826266452 0.948278437300226 
11 0.2856884765625 0.0155360229492188 6.8627197265625 6.16875 13.3326942260742 0.0251025545403692 0.0208838336751818 0.0550997575983591 0.89891385418609 
11.1666666666667 0.0498202514648438 0.0163219482421875 0 0.826171875 0.892314074707031 0 0.00292324650885196 0.0100425697772852 0.987034183713863 
11.3333333333333 0.0555606079101563 0.0163025115966797 0 1.00517578125 1.07703890075684 0 0.00355443025647892 0.0111928034960013 0.98525276624752 
11.5 0.0493670654296875 0.0163232574462891 0 0.826171875 0.891862197875977 0 0.00292328211499461 0.00995133953312748 0.987125378351878 
11.6666666666667 0.0490045166015625 0.0163246673583984 0 0.826171875 0.891501058959961 0 0.00292324650885196 0.00987813716116223 0.987198616329986 
11.8333333333333 0.0493368530273438 0.0163232574462891 0 0.826171875 0.891831985473633 0 0.00292329991839121 0.00994530993069343 0.987131390150915 
12 0.188223266601563 0.0158609069824219 3.72288208007812 1.0430419921875 4.97000824584961 0.0140219719560561 0.00363599272801454 0.0373799252401495 0.94496211007578 
12.1666666666667 0.0495785522460937 0.0163230560302734 0 0.826171875 0.892073483276367 0 0.00292319310126428 0.00999366641494726 0.987083140483788 
12.3333333333333 0.049306640625 0.0163238616943359 0 0.826171875 0.891802377319336 0 0.00292321090357667 0.00993891707216068 0.987137872024263 
12.5 0.0493368530273438 0.0163238616943359 0 0.826171875 0.89183258972168 0 0.00292319310126428 0.00994494652992619 0.98713186036881 
12.6666666666667 0.048944091796875 0.0163251708984375 0 0.826171875 0.891441137695313 0 0.00292319310126428 0.00986577671676695 0.987211030181969 
12.8333333333333 0.049306640625 0.0163238616943359 0 0.826171875 0.891802377319336 0 0.00292321090357667 0.00993891707216068 0.987137872024263 
13 0.0493368530273438 0.0163237609863281 0 0.826171875 0.891832489013672 0 0.00292321090357667 0.00994500709487646 0.987131782001547 
13.1666666666667 0.048944091796875 0.0163251708984375 0 0.826171875 0.891441137695313 0 0.00292319310126428 0.00986577671676695 0.987211030181969 
13.3333333333333 0.390676574707031 0.0151858612060547 9.77794189453125 8.4785888671875 18.6623931976318 0.0351172290686897 0.0281830352545398 0.0739818978636733 0.862717837813097 
13.5 0.152179870605469 0.0159807495117187 3.06177978515625 2.9914306640625 6.22137106933594 0.011482784784414 0.0103834963347094 0.0300930213106625 0.948040697570214 
13.6666666666667 0.392187194824219 0.0151810272216797 9.76997680664062 8.4854736328125 18.662818661499 0.0350884219078078 0.0282057590095373 0.0742675370593923 0.862438282023263 
13.8333333333333 0.187619018554688 0.0158627197265625 3.78819580078125 4.06201171875 8.0536892578125 0.0141161106494123 0.0140092603585421 0.0368633503502315 0.935011278641814 
14 0.318015747070313 0.0154285675048828 7.90455322265625 3.6454833984375 11.8834809356689 0.0290503316608804 0.0123999601889852 0.0616251090411985 0.896924599108936 
14.1666666666667 0.0504849243164063 0.0163197326660156 0 1.01378173828125 1.08058639526367 0 0.00358468748098107 0.0101698009859412 0.986245511533078 
14.3333333333333 0.186924133300781 0.0158650360107422 3.6703125 4.0792236328125 7.95232530212402 0.0136820352027364 0.0140739685028148 0.0367407776906815 0.935503218603767 
14.5 0.0508474731445313 0.0163184234619141 0 1.04820556640625 1.1153714630127 0 0.00370598007655374 0.0102416493741214 0.986052370549325 
14.6666666666667 0.0494577026367188 0.0163231567382813 0 0.826171875 0.891952734375 0 0.00292324650885196 0.00996948861456386 0.987107264876584 
14.8333333333333 0.151515197753906 0.0159828643798828 3.0649658203125 2.9845458984375 6.21700978088379 0.0114949395977966 0.01035978444001 0.0299621216647349 0.948183154297458 
15 0.0598507690429688 0.0162882110595703 0 1.0292724609375 1.10541144104004 0 0.00363932909759244 0.0120560383651014 0.984304632537306 
15.1666666666667 0.186259460449219 0.0158675537109375 3.78819580078125 3.97423095703125 7.96455377197266 0.0141201339572002 0.0137104244353134 0.036606655107712 0.935562786499774 
15.3333333333333 0.0506057739257812 0.0163189270019531 0 0.826171875 0.893096575927734 0 0.00292331772200467 0.0102011608007454 0.98687552147725 
15.5 0.0498202514648438 0.0163218475341797 0 0.826171875 0.892313973999023 0 0.00292326431181486 0.0100426309378806 0.987034104750305 
15.6666666666667 0.0494577026367188 0.0163231567382813 0 0.826171875 0.891952734375 0 0.00292324650885196 0.00996948861456386 0.987107264876584 
15.8333333333333 0.155805358886719 0.0159686645507813 2.72565307617187 3.44754638671875 6.34497348632813 0.0102188909128916 0.0119628512557112 0.0308000119449339 0.947018245886463 
16 0.197135925292969 0.0158313995361328 3.835986328125 1.55423583984375 5.60318949279785 0.0144159677197268 0.00540598789489754 0.0390632015661201 0.941114842819256 
16.1666666666667 0.0500619506835938 0.016321142578125 0 0.826171875 0.892554968261719 0 0.00292324650885196 0.0100912905524327 0.986985462938715 
16.3333333333333 0.0497900390625 0.0163217468261719 0 0.826171875 0.892283660888672 0 0.00292329991839121 0.0100366630531432 0.987040037028466 
16.5 0.0498202514648438 0.0163218475341797 0 0.826171875 0.892313973999023 0 0.00292326431181486 0.0100426309378806 0.987034104750305 
16.6666666666667 0.0494577026367188 0.0163231567382813 0 0.826171875 0.891952734375 0 0.00292324650885196 0.00996948861456386 0.987107264876584 
16.8333333333333 0.0497900390625 0.0163217468261719 0 0.826171875 0.892283660888672 0 0.00292329991839121 0.0100366630531432 0.987040037028466 
17 0.0498202514648438 0.0163218475341797 0 0.826171875 0.892313973999023 0 0.00292326431181486 0.0100426309378806 0.987034104750305 
17.1666666666667 0.0494577026367188 0.0163231567382813 0 0.826171875 0.891952734375 0 0.00292324650885196 0.00996948861456386 0.987107264876584 
17.3333333333333 0.0497900390625 0.0163217468261719 0 0.826171875 0.892283660888672 0 0.00292329991839121 0.0100366630531432 0.987040037028466 
17.5 0.0498202514648438 0.0163218475341797 0 0.826171875 0.892313973999023 0 0.00292326431181486 0.0100426309378806 0.987034104750305 
17.6666666666667 0.0494577026367188 0.0163231567382813 0 0.826171875 0.891952734375 0 0.00292324650885196 0.00996948861456386 0.987107264876584 
17.8333333333333 0.0497900390625 0.0163217468261719 0 0.826171875 0.892283660888672 0 0.00292329991839121 0.0100366630531432 0.987040037028466 
18 0.183872680664063 0.0158754089355469 3.71810302734375 1.15147705078125 5.06932816772461 0.0139989323864761 0.00401254745782027 0.0365027859914711 0.945485734164233 
18.1666666666667 0.0500619506835938 0.0163210418701172 0 0.826171875 0.892554867553711 0 0.00292326431181486 0.0100913520097442 0.986985383678441 
18.3333333333333 0.05607421875 0.0163007995605469 0 0.9879638671875 1.06033888549805 0 0.00349377936844156 0.0112969590728703 0.985209261558688 
18.5 0.0498202514648438 0.0163218475341797 0 0.826171875 0.892313973999023 0 0.00292326431181486 0.0100426309378806 0.987034104750305 
18.6666666666667 0.186410522460938 0.0158669494628906 3.79297485351562 4.02586669921875 8.0211190246582 0.014135261570611 0.013885920543326 0.0366293842463964 0.935349433639667 
18.8333333333333 0.185111389160156 0.0158708770751953 4.18167114257812 3.69195556640625 8.07460897521972 0.0155795596177815 0.0127307258591014 0.0363641759154846 0.935325538607632 
19 0.0506661987304688 0.0163190277099609 0 1.05853271484375 1.12551794128418 0 0.0037423555542033 0.0102047646575593 0.986052879788237 
19.1666666666667 0.0556512451171875 0.0163023101806641 0 1.09639892578125 1.1683524810791 0 0.00387573316459393 0.0112073791038964 0.98491688773151 
19.3333333333333 0.0497900390625 0.0163217468261719 0 0.826171875 0.892283660888672 0 0.00292329991839121 0.0100366630531432 0.987040037028466 
19.5 0.0498202514648438 0.0163218475341797 0 0.826171875 0.892313973999023 0 0.00292326431181486 0.0100426309378806 0.987034104750305 
19.6666666666667 0.18635009765625 0.0158669494628906 3.78660278320312 3.97939453125 7.96821436157227 0.0141142799460843 0.0137283194090647 0.0366246860359478 0.935532714608903 
19.8333333333333 0.0506057739257812 0.0163189270019531 0 0.826171875 0.893096575927734 0 0.00292331772200467 0.0102011608007454 0.98687552147725 
20 0.182452697753906 0.0158802429199219 3.71810302734375 0.87608642578125 4.79252239379883 0.0140122952788051 0.00305580903895106 0.0362554632342347 0.946676432448009 
20.1666666666667 0.0500619506835938 0.0163210418701172 0 0.826171875 0.892554867553711 0 0.00292326431181486 0.0100913520097442 0.986985383678441 
20.3333333333333 0.0497900390625 0.0163217468261719 0 0.826171875 0.892283660888672 0 0.00292329991839121 0.0100366630531432 0.987040037028466 
20.5 0.193570861816406 0.0158426788330078 4.18326416015625 3.765966796875 8.15864449768066 0.0155814257063857 0.0129825435817105 0.0380160679744147 0.933419962737489 
20.6666666666667 0.161455078125 0.0159502349853516 3.122314453125 3.18248291015625 6.4822026763916 0.0116991177910156 0.0110365657120346 0.0318980027934628 0.945366313703487 
20.8333333333333 0.0506057739257812 0.0163190277099609 0 0.826171875 0.893096676635742 0 0.00292329991839121 0.0102010986735527 0.986875601408056 
21 0.0498202514648438 0.0163218475341797 0 0.826171875 0.892313973999023 0 0.00292326431181486 0.0100426309378806 0.987034104750305 
21.1666666666667 0.0494577026367188 0.0163231567382813 0 0.826171875 0.891952734375 0 0.00292324650885196 0.00996948861456386 0.987107264876584 
21.3333333333333 0.0497900390625 0.0163217468261719 0 0.826171875 0.892283660888672 0 0.00292329991839121 0.0100366630531432 0.987040037028466 
21.5 0.0498202514648438 0.0163218475341797 0 0.826171875 0.892313973999023 0 0.00292326431181486 0.0100426309378806 0.987034104750305 
21.6666666666667 0.1484033203125 0.0159935394287109 2.54086303710937 3.33739013671875 6.04265003356934 0.00953622269919943 0.0115929378142619 0.0293679786197289 0.94950286086681 
21.8333333333333 0.190126647949219 0.0158540588378906 4.1291015625 3.77113037109375 8.10621264038086 0.0153826067346382 0.0130028130229908 0.0373467377241813 0.93426784251819 
22 0.28423828125 0.0155411590576172 6.31631469726562 3.35804443359375 9.97413857116699 0.0233726118967479 0.0115006218942131 0.0554576375093579 0.909669128699681 
22.1666666666667 0.189522399902344 0.0158568786621094 4.12591552734375 3.80211181640625 8.13340662231445 0.0153685484732326 0.0131077697209926 0.0372227430782194 0.934300938727555 
22.3333333333333 0.050635986328125 0.0163189270019531 0 0.826171875 0.893126788330078 0 0.00292329991839121 0.010207188881716 0.986869511199893 
22.5 0.0498504638671875 0.0163217468261719 0 0.826171875 0.892344085693359 0 0.00292326431181486 0.0100487210718636 0.987028014616322 
22.6666666666667 0.0494577026367188 0.0163231567382813 0 0.826171875 0.891952734375 0 0.00292324650885196 0.00996948861456386 0.987107264876584 
22.8333333333333 0.154717712402344 0.0159719879150391 2.77344360351562 3.13428955078125 6.07842285461426 0.0104076996652319 0.0108859397417504 0.0306133428981349 0.948093017694883 
23 0.187467956542969 0.0158634246826172 3.78819580078125 4.027587890625 8.01911507263184 0.0141176191211218 0.0138920221797414 0.0368376058227758 0.935152752876361 
23.1666666666667 0.0502734375 0.0163204376220703 0 0.826171875 0.89276575012207 0 0.00292324650885196 0.0101339212306868 0.986942832260461 
23.3333333333333 0.0497900390625 0.0163217468261719 0 0.826171875 0.892283660888672 0 0.00292329991839121 0.0100366630531432 0.987040037028466 
23.5 0.0498202514648438 0.0163218475341797 0 0.826171875 0.892313973999023 0 0.00292326431181486 0.0100426309378806 0.987034104750305 
23.6666666666667 0.283120422363281 0.0155451873779297 6.73687133789062 6.106787109375 13.1423240570068 0.0246578856839663 0.0206872022716274 0.0546391692467363 0.90001574279767 
23.8333333333333 0.187407531738281 0.015863525390625 3.67190551757812 4.12225341796875 7.99742999267578 0.0136857792581773 0.0142201480795378 0.0368298866544356 0.935264186007849 
24 0.184658203125 0.0158729919433594 3.71810302734375 1.04476318359375 4.96339740600586 0.014003971992056 0.00364199271601457 0.0366719266561467 0.945682108635783 
24.1666666666667 0.0500619506835938 0.0163210418701172 0 0.826171875 0.892554867553711 0 0.00292326431181486 0.0100913520097442 0.986985383678441 
24.3333333333333 0.0497900390625 0.0163217468261719 0 0.826171875 0.892283660888672 0 0.00292329991839121 0.0100366630531432 0.987040037028466 
24.5 0.0498202514648438 0.0163221496582031 0 0.826171875 0.892314276123047 0 0.00292321090357667 0.010042447458329 0.987034341638094 
24.6666666666667 0.186622009277344 0.0158662445068359 3.68464965820312 4.07750244140625 7.96464035339355 0.0137346650356876 0.0140671947555313 0.0366792157049036 0.935518924503878 
24.8333333333333 0.0900631713867188 0.01618740234375 0.995635986328125 2.03961181640625 3.14149837646484 0.00377581905066847 0.00715895292006742 0.0180091465440683 0.971056081485196 
25 0.153841552734375 0.016292138671875 3.0522216796875 3.11363525390625 6.335990625 0.0112314104330189 0.0106041865727199 0.0298488214639522 0.948315581530309 
25.1666666666667 0.0495181274414063 0.0160062286376953 0 0.826171875 0.891696231079102 0 0.0029803298231671 0.0101765845420226 0.98684308563481 
25.3333333333333 0.0497900390625 0.0163217468261719 0 0.826171875 0.892283660888672 0 0.00292329991839121 0.0100366630531432 0.987040037028466 
25.5 0.0498202514648438 0.0163218475341797 0 0.826171875 0.892313973999023 0 0.00292326431181486 0.0100426309378806 0.987034104750305 
25.6666666666667 0.0623583984375 0.0162801544189453 0 1.15836181640625 1.2370003692627 0 0.00409382337554899 0.0125552027446257 0.983350973879825 
25.8333333333333 0.290371398925781 0.0155207153320313 6.91210327148437 6.20833740234375 13.4263327880859 0.0252747956871494 0.0210108753269297 0.0559843423252346 0.897729986660686 
26 0.192241516113281 0.0158475128173828 3.71810302734375 1.33564453125 5.26183658752441 0.0139899540860976 0.00465133006461513 0.0381397077334356 0.943219008115852 
26.1666666666667 0.0500921630859375 0.0163210418701172 0 0.826171875 0.892585079956055 0 0.00292324650885196 0.0100973806493261 0.986979372841822 
26.3333333333333 0.0497900390625 0.0163217468261719 0 0.826171875 0.892283660888672 0 0.00292329991839121 0.0100366630531432 0.987040037028466 
26.5 0.186622009277344 0.0158661437988281 3.65438232421875 4.1824951171875 8.03936559448242 0.0136185268957001 0.0144259025093946 0.0366702879837575 0.935285282611148 
26.6666666666667 0.0502734375 0.0163204376220703 0 0.826171875 0.89276575012207 0 0.00292324650885196 0.0101339212306868 0.986942832260461 
26.8333333333333 0.0497900390625 0.0163217468261719 0 0.826171875 0.892283660888672 0 0.00292329991839121 0.0100366630531432 0.987040037028466 
27 0.0498202514648438 0.0163218475341797 0 0.826171875 0.892313973999023 0 0.00292326431181486 0.0100426309378806 0.987034104750305 
27.1666666666667 0.0494577026367188 0.0163231567382813 0 0.826171875 0.891952734375 0 0.00292324650885196 0.00996948861456386 0.987107264876584 
27.3333333333333 0.153176879882813 0.0159774261474609 3.12390747070312 3.25821533203125 6.55127710876465 0.0117022228852753 0.0112964344323437 0.0302551096523944 0.946746233029987 
27.5 0.0568597412109375 0.0162981811523438 0 0.915673828125 0.988831750488281 0 0.00323896499238965 0.0114581430745814 0.985302891933029 
27.6666666666667 0.255113525390625 0.0156380401611328 5.7603515625 5.46134033203125 11.492443460083 0.021206469849983 0.0186084427085166 0.0495208604572059 0.910664226984295 oE-wB-
27.8333333333333 0.0506057739257812 0.0163190277099609 0 0.826171875 0.893096676635742 0 0.00292329991839121 0.0102010986735527 0.986875601408056 
28 0.283301696777344 0.0155442810058594 6.31312866210937 3.5422119140625 10.1541865539551 0.0233463722694818 0.012123854183849 0.0552407097579942 0.909289063788675 
28.1666666666667 0.150880737304687 0.0159853820800781 2.83079223632812 2.97249755859375 5.97015591430664 0.010626210921616 0.0103272179300117 0.0298634200014352 0.949183151146937 
28.3333333333333 0.0506057739257812 0.0163190277099609 0 1.01378173828125 1.08070653991699 0 0.00358475293201142 0.0101943313431564 0.986220915724832 
28.5 0.0498504638671875 0.0163217468261719 0 0.826171875 0.892344085693359 0 0.00292326431181486 0.0100487210718636 0.987028014616322 
28.6666666666667 0.189431762695312 0.0158557708740234 4.31548461914062 3.55426025390625 8.07503240661621 0.016078391804709 0.0122561384557859 0.0372135535679311 0.934451916171574 
28.8333333333333 0.0489138793945312 0.0163214447021484 0 0.826171875 0.89140719909668 0 0.00292386974160301 0.00986196898261516 0.987214161275782 
29 0.0485211181640625 0.0163232574462891 0 0.826171875 0.891016250610352 0 0.00292378069208325 0.00978248289892856 0.987293736408988 
29.1666666666667 0.0476751708984375 0.0163257751464844 0 0.826171875 0.890172821044922 0 0.00292383412114419 0.00961210467326154 0.987464061205594 
29.3333333333333 0.184537353515625 0.0158694671630859 3.78819580078125 4.0654541015625 8.05405672302246 0.0141188764271762 0.0140238797817452 0.0362649693932683 0.93559227439781 
29.5 0.0493972778320313 0.0163206390380859 0 0.826171875 0.891889791870117 0 0.00292372726497497 0.00995894599632098 0.987117326738704 
29.6666666666667 0.0474334716796875 0.0163267822265625 0 0.826171875 0.88993212890625 0 0.00292379850155327 0.00956325759883048 0.987512943899616 
29.8333333333333 0.149158630371094 0.0159881011962891 2.956640625 2.73153076171875 5.85331811828613 0.0111046626420242 0.00949520453280841 0.0295386419524103 0.949861490872757 
30 0.182815246582031 0.0158760131835937 3.7212890625 1.012060546875 4.93204086914063 0.0140200097227807 0.00352900929665884 0.0363163864865352 0.946134594494025 
30.1666666666667 0.0478866577148438 0.0163250701904297 0 0.826171875 0.890383602905273 0 0.00292383412114419 0.00965474392086156 0.987421421957994 
30.3333333333333 0.0479168701171875 0.0163248687744141 0 0.826171875 0.890413613891602 0 0.00292385193126511 0.00966089408955515 0.98741525397918 
30.5 0.0477658081054688 0.0163253723144531 0 0.826171875 0.890263055419922 0 0.00292385193126511 0.00963043729860447 0.98744571077013 
30.6666666666667 0.0474334716796875 0.0163267822265625 0 0.826171875 0.88993212890625 0 0.00292379850155327 0.00956325759883048 0.987512943899616 
30.8333333333333 0.0480075073242188 0.0163247680664063 0 1.01378173828125 1.07811401367188 0 0.00358538574854819 0.00967262810601541 0.986741986145436 
31 0.0474032592773437 0.0163261779785156 0 0.826171875 0.889901312255859 0 0.00292392317391861 0.00955757387474644 0.987518502951335 
31.1666666666667 0.0563461303710938 0.0162974761962891 0 1.10328369140625 1.17592729797363 0 0.00390056895974686 0.0113487692822588 0.984750661757994 
31.3333333333333 0.0481887817382813 0.0163242645263672 0 0.826171875 0.890684921264648 0 0.00292379850155327 0.00971553877078638 0.98736066272766 
31.5 0.0481283569335938 0.0163244659423828 0 0.826171875 0.890624697875977 0 0.00292379850155327 0.00970335627702991 0.987372845221417 
31.6666666666667 0.0475241088867187 0.0163264801025391 0 0.826171875 0.890022463989258 0 0.00292379850155327 0.00958153133946519 0.987494670158982 
31.8333333333333 0.0479168701171875 0.0163247680664063 0 0.826171875 0.890413513183594 0 0.00292386974160301 0.00966095293787995 0.987415177320517 
32 0.189310913085938 0.015853857421875 3.71810302734375 1.46473388671875 5.38800168457031 0.0139865168539326 0.00509962546816479 0.037549063670412 0.943364794007491 
32.1666666666667 0.048218994140625 0.0163240631103516 0 0.826171875 0.890714932250977 0 0.00292381631124025 0.00972168923487382 0.987354494453886 
32.3333333333333 0.0477053833007813 0.0163251708984375 0 1.01378173828125 1.07781229248047 0 0.00358551670400312 0.00961210674978085 0.986802376546216 
32.5 0.0481283569335938 0.0163244659423828 0 0.826171875 0.890624697875977 0 0.00292379850155327 0.00970335627702991 0.987372845221417 
32.6666666666667 0.047735595703125 0.0163254730224609 0 0.826171875 0.890232943725586 0 0.00292385193126511 0.00962434594041433 0.987451802128321 
32.8333333333333 0.0478262329101563 0.0163250701904297 0 0.826171875 0.890323178100586 0 0.00292386974160301 0.00964267875199493 0.987433451506402 
33 0.0479168701171875 0.0163247680664063 0 0.826171875 0.890413513183594 0 0.00292386974160301 0.00966095293787995 0.987415177320517 
33.1666666666667 0.0478262329101563 0.0163253723144531 0 0.826171875 0.890323480224609 0 0.00292381631124025 0.00964250254311106 0.987433681145649 
33.3333333333333 0.0483700561523438 0.0163237609863281 0 0.826171875 0.890865692138672 0 0.00292378069208325 0.00975202685005269 0.987324192457864 
33.5 0.0481585693359375 0.0163242645263672 0 0.826171875 0.890654708862305 0 0.00292381631124025 0.00970950666691032 0.987366677021849 
33.6666666666667 0.0479470825195313 0.0163251708984375 0 0.826171875 0.890444128417969 0 0.00292378069208325 0.00966674991320026 0.987409469394717 
33.8333333333333 0.200066528320313 0.0158180053710937 4.17529907226562 4.25994873046875 8.65113233642578 0.0155285390968445 0.0146635384451317 0.0392331117509746 0.930574810707049 
34 1.168857421875 0.0125907165527344 35.6740356445312 19.34619140625 56.201675189209 0.11347697421761 0.0569563807361764 0.196043457110426 0.633523187935787 oB-
34.1666666666667 1.64684783935547 0.0109980194091797 51.0100158691406 29.9711059570313 82.6389676849365 0.150227539291579 0.0816936429744312 0.255730706075534 0.512348111658457 
34.3333333333333 1.72262054443359 0.0107463500976563 55.1661987304688 30.341162109375 87.240727734375 0.160336693165666 0.0816175347133802 0.263988369455003 0.494057402665951 
34.5 1.55681488037109 0.0112995391845703 49.3166381835937 27.3376831054688 78.2224357086182 0.147019295154603 0.0754282403559844 0.24471081013055 0.532841654358862 
34.6666666666667 0.983262634277344 0.0132119842529297 29.1729309082031 17.2979736328125 47.4673791595459 0.0953310532589967 0.052316774163322 0.169417852253265 0.682934320324416 
34.8333333333333 1.523671875 0.0114117279052734 47.7331787109375 27.119091796875 76.3873541107178 0.143048785727585 0.0752194856469038 0.240763461547642 0.540968267077869 
35 1.33738220214844 0.0120327941894531 41.6000610351562 23.9193969726563 66.8688730041504 0.128161210056979 0.0682031223160695 0.217246845538111 0.58638882208884 
35.1666666666667 1.48950164794922 0.0115253265380859 46.0971496582031 26.0640014648438 73.6621780975342 0.13923800908461 0.0728645392254985 0.237224767110632 0.550672684579259 
35.3333333333333 2.01969909667969 0.00975749816894531 63.1249145507812 36.5133544921875 101.667725637817 0.176445705074829 0.0944611918300464 0.297668081165202 0.431425021929922 
35.5 1.33339416503906 0.0120454833984375 41.4614685058594 23.3273071289063 66.1342152832031 0.128008774259549 0.066657813714207 0.217064557696658 0.588268854329586 
35.6666666666667 1.175625 0.0125710784912109 35.9384765625 20.7971557617187 57.92382840271 0.113719994757589 0.0609077436460969 0.196146827837203 0.629225433759111 
35.8333333333333 1.73760589599609 0.0108647827148438 53.9188659667969 31.17421875 86.8415553955078 0.155721489169841 0.083328732586172 0.26460277149009 0.496347006753897 
36 2.07335632324219 0.00941358032226563 64.651025390625 34.6062744140625 101.340069708252 0.182162574621841 0.0902464203958885 0.308029983392432 0.419561021589838 
36.1666666666667 1.12205841064453 0.0127496337890625 34.7755737304687 19.9262329101563 55.8366146850586 0.110730118795208 0.0587229768800787 0.188383228673166 0.642163675651548 
36.3333333333333 0.289495239257813 0.0155238372802734 7.46328735351562 5.445849609375 13.2141560394287 0.0273053654897481 0.0184405926167691 0.0558463206238562 0.898407721269627 
36.5 0.0524185180664063 0.0163139923095703 0 0.826171875 0.894904385375977 0 0.00292312189418299 0.0105658676800156 0.986511010425801 
36.6666666666667 0.05148193359375 0.0163169128417969 0 0.826171875 0.893970721435547 0 0.00292315749728999 0.0103772091153795 0.986699633387331 
36.8333333333333 0.159551696777344 0.0159548675537109 3.51419677734375 3.0396240234375 6.7293273651123 0.0131560114503817 0.010531965648855 0.0314945133587786 0.944817509541985 
37 0.0491555786132813 0.0163209411621094 0 1.01378173828125 1.07925825805664 0 0.00358538574854819 0.00990394331559917 0.986510670935853 
37.1666666666667 0.047977294921875 0.0163248687744141 0 0.826171875 0.890474038696289 0 0.00292381631124025 0.00967295896301982 0.98740322472574 
37.3333333333333 0.0479168701171875 0.016324365234375 0 1.08262939453125 1.14687062988281 0 0.00382810645665841 0.00965242740899879 0.986519466134343 
37.5 0.0478866577148438 0.0163247680664063 0 0.826171875 0.89038330078125 0 0.00292388755215789 0.00965492035452137 0.987421192093321 
37.6666666666667 0.0477960205078125 0.0163254730224609 0 0.826171875 0.890293368530273 0 0.00292381631124025 0.00963641125912931 0.98743977242963 
37.8333333333333 0.0566482543945312 0.0162954620361328 0 1.11705322265625 1.18999693908691 0 0.00394929807159852 0.0114097594518447 0.984640942476557 
38 0.180851440429688 0.0158822570800781 3.71810302734375 1.0981201171875 5.01295684204102 0.0140042240675851 0.00382806124897998 0.0359165746651946 0.94625114001824 
38.1666666666667 0.0487628173828125 0.0163222503662109 0 0.826171875 0.891256942749023 0 0.00292381631124025 0.00983133234654533 0.987244851342214 
38.3333333333333 0.0478564453125 0.0163248687744141 0 0.826171875 0.890353189086914 0 0.00292388755215789 0.00964882892212104 0.987427283525721 
38.5 0.0477960205078125 0.0163250701904297 0 0.826171875 0.890292965698242 0 0.00292388755215789 0.00963664605732038 0.987439466390522 
38.6666666666667 0.047735595703125 0.0163258758544922 0 0.826171875 0.890233346557617 0 0.00292378069208325 0.00962411144477405 0.987452107863143 
38.8333333333333 0.192120666503906 0.015844189453125 4.4285888671875 3.5490966796875 8.18565040283203 0.0164956773018294 0.0122352829483353 0.0377323784037169 0.933536661346118 
39 0.048944091796875 0.0163213439941406 0 0.826171875 0.891437310791016 0 0.00292386974160301 0.00986806037791016 0.987208069880487 
39.1666666666667 0.0477960205078125 0.0163251708984375 0 0.826171875 0.89029306640625 0 0.00292386974160301 0.00963658735669993 0.987439542901697 
39.3333333333333 0.0484909057617187 0.0163232574462891 0 0.826171875 0.890986038208008 0 0.00292379850155327 0.00977645123956874 0.987299750258878 
39.5 0.0481283569335938 0.0163240631103516 0 0.826171875 0.890624295043945 0 0.00292386974160301 0.009703592704945 0.987372537553452 
39.6666666666667 0.0477053833007813 0.0163256744384766 0 0.826171875 0.890202932739258 0 0.00292383412114419 0.00961819599434725 0.987457969884509 
39.8333333333333 0.183902893066406 0.0158720855712891 4.39354248046875 3.32362060546875 7.91693806457519 0.0163795202546606 0.0114680397432014 0.0361501594597965 0.936002280542341 
40 0.1817578125 0.0158793365478516 3.71810302734375 0.87608642578125 4.79182660217285 0.0140149877503963 0.00305639621463227 0.0361243214680309 0.94680429456694 
40.1666666666667 0.0484304809570313 0.0163231567382813 0 0.826171875 0.890925512695313 0 0.00292385193126511 0.00976444717878745 0.987311700889947 
40.3333333333333 0.0484002685546875 0.0163233581542969 0 0.826171875 0.890895501708984 0 0.00292383412114419 0.00975829637931875 0.987317869499537 
40.5 0.047977294921875 0.0163246673583984 0 0.826171875 0.890473837280273 0 0.00292385193126511 0.00967307680593542 0.987403071262799 
40.6666666666667 0.047252197265625 0.0163266815185547 0 0.826171875 0.88975075378418 0 0.00292392317391861 0.00952711634168479 0.987548960484397 
40.8333333333333 0.0483700561523438 0.0163234588623047 0 0.826171875 0.890865390014648 0 0.00292383412114419 0.00975220505823303 0.987323960820623 
41 0.150397338867188 0.0159834686279297 3.224267578125 2.80726318359375 6.19791156921387 0.0120948465436466 0.00974639066832393 0.0297471077540874 0.948411655033942 
41.1666666666667 0.0486419677734375 0.0163226531982422 0 0.826171875 0.89113649597168 0 0.00292381631124025 0.00980696721061833 0.987269216478141 
41.3333333333333 0.0483096313476563 0.0163234588623047 0 0.826171875 0.890804965209961 0 0.00292386974160301 0.00974014107671503 0.987335989181682 
41.5 0.04833984375 0.0163238616943359 0 0.826171875 0.890835580444336 0 0.00292378069208325 0.00974593564027752 0.987330283667639 
41.6666666666667 0.04761474609375 0.0163258758544922 0 0.826171875 0.890112496948242 0 0.00292385193126511 0.00959998050765379 0.987476167561081 
41.8333333333333 0.184325866699219 0.0158703735351562 3.66075439453125 4.1033203125 7.96427094726563 0.0136484311431303 0.0141592079396096 0.0362354562246468 0.935956904692613 wE-
42 0.181878662109375 0.0158792358398437 3.71810302734375 0.87608642578125 4.79194735107422 0.01401473528723 0.00305634115732651 0.0361476891298735 0.94678123442557 
42.1666666666667 0.0482794189453125 0.0163238616943359 0 0.826171875 0.890775155639648 0 0.00292381631124025 0.00973387180283732 0.987342311885922 
42.3333333333333 0.150216064453125 0.0159856842041016 2.956640625 2.926025390625 6.04886776428223 0.0110964301301559 0.0101637560459402 0.0297259970943615 0.949013816729542 
42.5 0.050877685546875 0.0163183227539063 0 0.826171875 0.893367883300781 0 0.00292326431181486 0.0102557856272838 0.986820950060901 
42.6666666666667 0.049669189453125 0.0163224517822266 0 0.826171875 0.892163516235352 0 0.00292324650885196 0.0100121192928179 0.98706463419833 
42.8333333333333 0.288709716796875 0.0155258514404297 6.85953369140625 6.2548095703125 13.4185788299561 0.0250840309210488 0.0211693842004392 0.055667208425811 0.898079376452701 
43 0.0569503784179688 0.0162980804443359 0 0.9535400390625 1.0267884979248 0 0.0033724143808515 0.0114747312417059 0.985152854377443 
43.1666666666667 0.0496994018554688 0.0163223510742188 0 0.826171875 0.892193627929687 0 0.00292324650885196 0.0100182093897114 0.987058544101437 
43.3333333333333 0.056195068359375 0.0163003967285156 0 0.9948486328125 1.06734409790039 0 0.0035180406096314 0.011321030335492 0.985160929054877 
43.5 0.05003173828125 0.0163210418701172 0 0.826171875 0.892524655151367 0 0.00292328211499461 0.0100853232967314 0.986991394588274 
43.6666666666667 0.049669189453125 0.0163224517822266 0 0.826171875 0.892163516235352 0 0.00292324650885196 0.0100121192928179 0.98706463419833 
43.8333333333333 0.152300720214844 0.0159802459716797 2.638037109375 3.3046875 6.11100557556152 0.00989862280030604 0.0114766641162969 0.0301322207345065 0.948492492348891 
44 0.319435729980469 0.0154240356445313 7.89180908203125 4.013818359375 12.2404872070312 0.0289682191620618 0.0136362307399936 0.0618249861123293 0.895570563985615 
44.1666666666667 0.185443725585938 0.015869970703125 4.180078125 3.5904052734375 7.97179709472656 0.0155789873658212 0.0123848199867009 0.0364420062695925 0.935594186377885 
44.3333333333333 0.0508172607421875 0.0163183227539063 0 0.826171875 0.893307458496094 0 0.00292329991839121 0.0102437301306959 0.986832969950913 
44.5 0.05003173828125 0.016321142578125 0 0.826171875 0.892524755859375 0 0.00292326431181486 0.0100852618757613 0.986991473812424 
44.6666666666667 0.157467041015625 0.0159631256103516 3.06337280273437 3.1291259765625 6.36592894592285 0.0114832021592958 0.0108561942410816 0.0311234787593603 0.946537124840262 
44.8333333333333 0.190972595214844 0.0158517425537109 3.65597534179688 4.3339599609375 8.19675964050293 0.0136171879171933 0.0149403395100186 0.0375051175706225 0.933937355002166 
45 0.050877685546875 0.0163183227539063 0 0.826171875 0.893367883300781 0 0.00292326431181486 0.0102557856272838 0.986820950060901 
45.1666666666667 0.049669189453125 0.0163224517822266 0 0.826171875 0.892163516235352 0 0.00292324650885196 0.0100121192928179 0.98706463419833 
45.3333333333333 0.0500015258789062 0.0163210418701172 0 0.826171875 0.892494442749023 0 0.00292329991839121 0.0100792945102864 0.986997405571322 
45.5 0.0500619506835938 0.0163210418701172 0 0.826171875 0.892554867553711 0 0.00292326431181486 0.0100913520097442 0.986985383678441 
45.6666666666667 0.157436828613281 0.0159633270263672 3.0649658203125 3.22723388671875 6.4655998626709 0.0114851272377791 0.0111926265960686 0.0311065478357937 0.946215698330359 
45.8333333333333 0.327049255371094 0.0153982543945312 7.78985595703125 7.153271484375 15.2855749511719 0.0283033610964803 0.0240549629278062 0.0626551909753373 0.884986485000376 
46 0.320523376464844 0.0154202087402344 7.50151977539062 4.11881103515625 11.956274395752 0.0275655772731796 0.0140081602069906 0.0621030387112258 0.896323223808604 
46.1666666666667 0.0506964111328125 0.0163189270019531 0 0.826171875 0.893187213134766 0 0.00292326431181486 0.0102192448233861 0.986857490864799 
46.3333333333333 0.150608825683594 0.0159858856201172 2.67945556640625 3.41312255859375 6.25917283630371 0.010048690145473 0.0118469396899364 0.0297816411267437 0.948322729037847 
46.5 0.0508474731445313 0.0163188262939453 0 0.826171875 0.893338174438477 0 0.00292319310126428 0.0102494458113079 0.986827361087428 
46.6666666666667 0.188978576660156 0.0158583892822266 4.12591552734375 3.765966796875 8.09671929016113 0.0153707374393182 0.0129850090800109 0.0371212211131025 0.934523032367568 
46.8333333333333 0.152089233398437 0.0159807495117187 2.99009399414062 2.9914306640625 6.14959464111328 0.0112171538190315 0.0103864748734559 0.030083725266385 0.948312646041128 
47 0.050877685546875 0.0163183227539063 0 0.826171875 0.893367883300781 0 0.00292326431181486 0.0102557856272838 0.986820950060901 
47.1666666666667 0.049669189453125 0.0163224517822266 0 0.826171875 0.892163516235352 0 0.00292324650885196 0.0100121192928179 0.98706463419833 
47.3333333333333 0.15299560546875 0.0159778289794922 3.03151245117187 3.12052001953125 6.32100590515137 0.0113656045629647 0.0108280825394929 0.0302445725206797 0.947561740376863 
47.5 0.050877685546875 0.0163183227539063 0 0.826171875 0.893367883300781 0 0.00292326431181486 0.0102557856272838 0.986820950060901 
47.6666666666667 0.049669189453125 0.0163224517822266 0 0.826171875 0.892163516235352 0 0.00292324650885196 0.0100121192928179 0.98706463419833 
47.8333333333333 0.0500015258789062 0.0163210418701172 0 0.826171875 0.892494442749023 0 0.00292329991839121 0.0100792945102864 0.986997405571322 
48 0.184053955078125 0.0158750061035156 3.72606811523437 1.04476318359375 4.97076026000977 0.0140335509263704 0.00364188345972929 0.0365508303734281 0.945773735240472 
48.1666666666667 0.156198120117188 0.0159674560546875 2.58865356445312 3.40968017578125 6.17049931640625 0.00971146490724804 0.0118390227576975 0.0308973991202907 0.947552113214764 
48.3333333333333 0.0508172607421875 0.0163183227539063 0 0.826171875 0.893307458496094 0 0.00292329991839121 0.0102437301306959 0.986832969950913 
48.5 0.152179870605469 0.0162951599121094 3.06655883789062 3.0327392578125 6.2677731262207 0.0112883363631033 0.0103324928165132 0.0295373248108837 0.9488418460095 
48.6666666666667 0.0496994018554688 0.0160080413818359 0 0.826171875 0.891879318237305 0 0.00297988577104544 0.010212316861187 0.986807797367768 
48.8333333333333 0.0500015258789062 0.0163210418701172 0 0.826171875 0.892494442749023 0 0.00292329991839121 0.0100792945102864 0.986997405571322 
49 0.149430541992187 0.0159902160644531 2.548828125 3.3563232421875 6.07057212524414 0.00956514461303012 0.0116575199971305 0.0295682532850294 0.94920908210481 
49.1666666666667 0.185292663574219 0.0158704742431641 4.180078125 3.62310791015625 8.00434917297363 0.0155772301737597 0.0124962155166784 0.0364082136645078 0.935518340645054 
49.3333333333333 0.188072204589844 0.0158611083984375 3.68624267578125 4.07750244140625 7.96767843017578 0.0137407662525831 0.0140673618203843 0.0369646801738676 0.935227191753165 
49.5 0.185534362792969 0.0158698699951172 4.18485717773437 3.61622314453125 8.00248455505371 0.0155949469285019 0.0124723956972906 0.0364554888039323 0.935477168570275 
49.6666666666667 0.0504849243164063 0.0163197326660156 0 0.826171875 0.892976531982422 0 0.00292324650885196 0.0101765519089409 0.986900201582207 
49.8333333333333 0.0562252807617187 0.0163000946044922 0 1.00345458984375 1.07597996520996 0 0.00354840869390562 0.0113269100846627 0.985124681221432 
50 0.182694396972656 0.0158794372558594 3.71810302734375 0.87608642578125 4.79276328735352 0.0140122952788051 0.00305580903895106 0.0363034916670669 0.946628404015177 
50.1666666666667 0.0503036499023438 0.0163203369140625 0 0.826171875 0.892795861816406 0 0.00292324650885196 0.0101400113275802 0.986936742163568 
50.3333333333333 0.0500015258789062 0.0163210418701172 0 0.826171875 0.892494442749023 0 0.00292329991839121 0.0100792945102864 0.986997405571322 
50.5 0.0500619506835938 0.0163210418701172 0 0.826171875 0.892554867553711 0 0.00292326431181486 0.0100913520097442 0.986985383678441 
50.6666666666667 0.049669189453125 0.0163224517822266 0 0.826171875 0.892163516235352 0 0.00292324650885196 0.0100121192928179 0.98706463419833 
50.8333333333333 0.0500015258789062 0.0163210418701172 0 0.826171875 0.892494442749023 0 0.00292329991839121 0.0100792945102864 0.986997405571322 
51 0.0500619506835938 0.0163210418701172 0 0.826171875 0.892554867553711 0 0.00292326431181486 0.0100913520097442 0.986985383678441 
51.1666666666667 0.0549563598632812 0.0163048278808594 0 1.07918701171875 1.15044819946289 0 0.00381507532796262 0.0110679777058437 0.985116946966194 
51.3333333333333 0.0538385009765625 0.0163083526611328 0 0.90706787109375 0.977214724731445 0 0.00320860173154902 0.0108495792896022 0.985941818978849 
51.5 0.05003173828125 0.0163210418701172 0 0.826171875 0.892524655151367 0 0.00292328211499461 0.0100853232967314 0.986991394588274 
51.6666666666667 0.049669189453125 0.0163224517822266 0 0.826171875 0.892163516235352 0 0.00292324650885196 0.0100121192928179 0.98706463419833 
51.8333333333333 0.0500015258789062 0.0163210418701172 0 0.826171875 0.892494442749023 0 0.00292329991839121 0.0100792945102864 0.986997405571322 
52 0.184023742675781 0.0158750061035156 3.71810302734375 1.04476318359375 4.9627649597168 0.0140040560162241 0.00364201456805827 0.0365461461845847 0.945807783231133 
52.1666666666667 0.0503036499023438 0.0163203369140625 0 0.826171875 0.892795861816406 0 0.00292324650885196 0.0101400113275802 0.986936742163568 
52.3333333333333 0.0500015258789062 0.0163210418701172 0 0.826171875 0.892494442749023 0 0.00292329991839121 0.0100792945102864 0.986997405571322 
52.5 0.05003173828125 0.0163210418701172 0 0.826171875 0.892524655151367 0 0.00292328211499461 0.0100853232967314 0.986991394588274 
52.6666666666667 0.049669189453125 0.0163224517822266 0 0.826171875 0.892163516235352 0 0.00292324650885196 0.0100121192928179 0.98706463419833 
52.8333333333333 0.0500015258789062 0.0163210418701172 0 0.826171875 0.892494442749023 0 0.00292329991839121 0.0100792945102864 0.986997405571322 
53 0.05003173828125 0.016321142578125 0 0.826171875 0.892524755859375 0 0.00292326431181486 0.0100852618757613 0.986991473812424 
53.1666666666667 0.049669189453125 0.0163224517822266 0 0.826171875 0.892163516235352 0 0.00292324650885196 0.0100121192928179 0.98706463419833 
53.3333333333333 0.05389892578125 0.016308251953125 0 1.19278564453125 1.26299282226562 0 0.00421499516461594 0.0108507234829363 0.984934281352448 
53.5 0.399256896972656 0.0151575622558594 9.34464111328125 8.91405029296875 18.6731058654785 0.0335641128340104 0.0296332322480975 0.075613663672255 0.861188991245637 oE-wB-
