0 0.235505676269531 0.0156949401855469 1.52451782226562 16.9726684570313 18.748386895752 0.00548552955135591 0.0565233092015889 0.044680985217157 0.893310176029898 
0.166666666666667 0.0896401977539062 0.0161818634033203 0 17.8005615234375 17.9063835845947 0 0.0594401977125122 0.0170527041784011 0.923507098109087 
0.333333333333333 0.215595703125 0.0157643280029297 0.575079345703125 23.8505493164063 24.6569886932373 0.00202935538453755 0.0778968907577197 0.0401149031137395 0.879958850744003 
0.5 0.708118286132812 0.0141229888916016 0.632427978515625 19.9486083984375 21.3032776519775 0.0022600220878733 0.0659789823638579 0.133426694447291 0.798334301100978 
0.666666666666667 0.338016357421875 0.0153554534912109 0.211871337890625 17.9640747070313 18.529317855835 0.000763345634868251 0.0599025442941349 0.0642128643827518 0.875121245688245 
0.833333333333333 0.0840811157226563 0.0162003936767578 0 17.7265502929688 17.8268318023682 0 0.0592076896985863 0.0159991261706152 0.924793184130798 
1 0.21342041015625 0.0157698669433594 0.1338134765625 18.182666015625 18.5456697692871 0.000481922181042099 0.0606074514348659 0.0405273605581118 0.89838326582598 
1.16666666666667 0.0836279296875 0.0162032135009766 0 17.3582153320312 17.4580464752197 0 0.058044501743925 0.015931302015586 0.926024196240489 
1.33333333333333 0.0838092041015625 0.0162026092529297 0 17.3719848632812 17.4719966766357 0 0.0580878713583572 0.0159651000840268 0.925947028557616 
1.5 0.0838092041015625 0.0162026092529297 0 17.3547729492187 17.4547847625732 0 0.0580336587162722 0.0159660189704393 0.926000322313289 
1.66666666666667 0.0836279296875 0.0162032135009766 0 17.3582153320312 17.4580464752197 0 0.058044501743925 0.015931302015586 0.926024196240489 
1.83333333333333 0.0840206909179688 0.016201904296875 0 17.3599365234375 17.4601591186523 0 0.058049923164141 0.0160060317588217 0.925944045077037 
2 0.22888916015625 0.0157197143554688 1.465576171875 16.6525268554688 18.3627119018555 0.00527937657448799 0.0555195308240992 0.0434745184003489 0.895726574201064 
2.16666666666667 0.0838394165039062 0.0162025085449219 0 17.3461669921875 17.4462089172363 0 0.0580065500549675 0.015972234213389 0.926021215731643 
2.33333333333333 0.0840206909179688 0.016201904296875 0 17.3599365234375 17.4601591186523 0 0.058049923164141 0.0160060317588217 0.925944045077037 
2.5 1.23324005126953 0.0123746978759766 1.09121704101562 21.1224609375 23.4592927276611 0.00387765846037146 0.0694695250009906 0.231068818531245 0.695583998007393 
2.66666666666667 0.0844436645507813 0.01620029296875 0 17.4218994140625 17.522543371582 0 0.0582457230652373 0.0160834613680437 0.925670815566719 
2.83333333333333 0.0841415405273438 0.0162011993408203 0 17.4046875 17.5050302398682 0 0.0581918628071589 0.0160269321516948 0.925781205041146 
3 0.0842926025390625 0.0162006958007813 0 17.4201782226563 17.5206715209961 0 0.058240638972488 0.0160548742943624 0.92570448673315 
3.16666666666667 0.08386962890625 0.0162022064208984 0 17.4218994140625 17.5219712493897 0 0.0582457230652373 0.015974128356955 0.925780148577808 
3.33333333333333 0.0841415405273438 0.0162011993408203 0 17.4046875 17.5050302398682 0 0.0581918628071589 0.0160269321516948 0.925781205041146 
3.5 0.0842926025390625 0.0162006958007813 0 17.4201782226563 17.5206715209961 0 0.058240638972488 0.0160548742943624 0.92570448673315 
3.66666666666667 0.08386962890625 0.0162022064208984 0 17.4218994140625 17.5219712493897 0 0.0582457230652373 0.015974128356955 0.925780148577808 
3.83333333333333 0.0841415405273438 0.0162011993408203 0 17.4046875 17.5050302398682 0 0.0581918628071589 0.0160269321516948 0.925781205041146 
4 0.234478454589844 0.0156997741699219 1.52611083984375 17.081103515625 18.8573925842285 0.00548880753078144 0.0568590041080115 0.0444662163323536 0.893185972028854 
4.16666666666667 0.0840509033203125 0.0162003936767578 0 17.6473754882812 17.7476267852783 0 0.0589591719378953 0.0159976998274871 0.925043128234618 
4.33333333333333 0.214598693847656 0.0157666442871094 0.1083251953125 17.8367065429687 18.175397076416 0.000390598074581256 0.059525997748317 0.040800266525745 0.899283137651357 
4.5 0.0845040893554687 0.0161999908447266 0 17.4201782226563 17.5208823028564 0 0.058240638972488 0.0160951553409791 0.925664205686533 
4.66666666666667 0.08386962890625 0.0162022064208984 0 17.4218994140625 17.5219712493897 0 0.0582457230652373 0.015974128356955 0.925780148577808 
4.83333333333333 0.0841415405273438 0.0162011993408203 0 17.4046875 17.5050302398682 0 0.0581918628071589 0.0160269321516948 0.925781205041146 
5 0.0842926025390625 0.0162005950927734 0 17.4201782226563 17.5206714202881 0 0.0582409741164014 0.0160549666816283 0.92570405920197 
5.16666666666667 0.08386962890625 0.0162022064208984 0 17.4218994140625 17.5219712493897 0 0.0582457230652373 0.015974128356955 0.925780148577808 
5.33333333333333 0.0841415405273438 0.0162011993408203 0 17.4046875 17.5050302398682 0 0.0581918628071589 0.0160269321516948 0.925781205041146 
5.5 0.0842926025390625 0.0162006958007813 0 17.4201782226563 17.5206715209961 0 0.058240638972488 0.0160548742943624 0.92570448673315 
5.66666666666667 0.08386962890625 0.0162022064208984 0 17.4218994140625 17.5219712493897 0 0.0582457230652373 0.015974128356955 0.925780148577808 
5.83333333333333 0.0841415405273438 0.0162011993408203 0 17.4046875 17.5050302398682 0 0.0581918628071589 0.0160269321516948 0.925781205041146 
6 0.234478454589844 0.0156997741699219 1.52611083984375 17.08798828125 18.8642773498535 0.00548868174239863 0.0568806183074464 0.0444651972888891 0.893165502661266 
6.16666666666667 0.0840509033203125 0.01620029296875 0 17.6473754882812 17.7476266845703 0 0.0589595109805117 0.0159977918216896 0.925042697197799 
6.33333333333333 0.0841415405273438 0.0162001922607422 0 17.6508178710938 17.7511596038818 0 0.058969655497605 0.0160146748474724 0.925015669654923 
6.5 0.214810180664063 0.0157650329589844 0.1083251953125 18.4907592773437 18.8296596862793 0.000389767457856394 0.06157752646693 0.0407536268435141 0.8972790792317 
6.66666666666667 0.0840509033203125 0.0162003936767578 0 17.6473754882812 17.7476267852783 0 0.0589591719378953 0.0159976998274871 0.925043128234618 
6.83333333333333 0.084111328125 0.0162000915527344 0 17.6508178710938 17.7511292907715 0 0.0589703336956084 0.0160091086307727 0.925020557673619 
7 0.084232177734375 0.0161997894287109 0 17.6473754882812 17.7478074554443 0 0.0589591719378953 0.0160322024151811 0.925008625646924 
7.16666666666667 0.0838394165039062 0.0162010986328125 0 17.6473754882812 17.747416003418 0 0.0589591719378953 0.0159574468085106 0.925083381253594 
7.33333333333333 0.084111328125 0.0162000915527344 0 17.6508178710938 17.7511292907715 0 0.0589703336956084 0.0160091086307727 0.925020557673619 
7.5 0.084232177734375 0.0161997894287109 0 17.6473754882812 17.7478074554443 0 0.0589591719378953 0.0160322024151811 0.925008625646924 
7.66666666666667 0.0838394165039062 0.0162009979248047 0 17.6473754882812 17.74741590271 0 0.0589595109805117 0.0159575385712396 0.925082950448249 
7.83333333333333 0.084111328125 0.0161999908447266 0 17.6508178710938 17.7511291900635 0 0.05897067280046 0.0160092006900518 0.925020126509488 
8 0.234478454589844 0.0156995727539063 1.52611083984375 16.9812744140625 18.75756328125 0.00549069504863105 0.0565461350206617 0.0444815075912584 0.893481662339449 
8.16666666666667 0.0840811157226563 0.01620029296875 0 17.6473754882812 17.7476568969727 0 0.0589591719378953 0.0160034502587694 0.925037377803335 
8.33333333333333 1.24562713623047 0.0123332061767578 1.54044799804687 26.7042846679688 29.5026930084229 0.00536697451380872 0.086110247757748 0.228826258769203 0.67969651895924 
8.5 0.0849270629882812 0.016198681640625 0 17.4201782226563 17.5213039672852 0 0.0582403038324318 0.0161756243526298 0.925584071814938 
8.66666666666667 0.0839300537109375 0.0162021057128906 0 17.4218994140625 17.5220315734863 0 0.0582453878997825 0.0159855451082391 0.925769066991978 
8.83333333333333 0.0842019653320313 0.0162010986328125 0 17.4046875 17.5050905639648 0 0.0581915279304372 0.0160383493218086 0.925770122747754 
9 0.0843228149414063 0.0162006958007813 0 17.4201782226563 17.5207017333984 0 0.0582403038324318 0.0160605363102774 0.925699159857291 
9.16666666666667 0.0839602661132813 0.0162020050048828 0 17.4218994140625 17.5220616851807 0 0.0582453878997825 0.0159912994441312 0.925763312656086 
9.33333333333333 0.0842019653320313 0.0162010986328125 0 17.4046875 17.5050905639648 0 0.0581915279304372 0.0160383493218086 0.925770122747754 
9.5 0.0843228149414063 0.0162006958007813 0 17.4201782226563 17.5207017333984 0 0.0582403038324318 0.0160605363102774 0.925699159857291 
9.66666666666667 0.0839602661132813 0.0162020050048828 0 17.4218994140625 17.5220616851807 0 0.0582453878997825 0.0159912994441312 0.925763312656086 
9.83333333333333 0.084232177734375 0.0162010986328125 0 17.4046875 17.5051207763672 0 0.0581911930575697 0.0160440116934834 0.925764795248947 
10 0.235505676269531 0.0156962493896484 1.52611083984375 16.9588989257812 18.7362116912842 0.00549107270799301 0.0564755108474479 0.0446794486000057 0.893353967844553 
10.1666666666667 0.0840811157226563 0.01620029296875 0 17.6473754882812 17.7476568969727 0 0.0589591719378953 0.0160034502587694 0.925037377803335 
10.3333333333333 0.0841415405273438 0.0162000915527344 0 17.6508178710938 17.7511595031738 0 0.0589699945946568 0.0160147669377005 0.925015238467643 
10.5 0.215595703125 0.0157624145507813 0.5416259765625 23.5717163085938 24.344700402832 0.00191347706922847 0.0770737307737764 0.0401605069588659 0.880852285198129 
10.6666666666667 0.0844134521484375 0.0161991851806641 0 17.6473754882812 17.7479881256104 0 0.0589591719378953 0.0160667050028752 0.924974123059229 
10.8333333333333 0.0842926025390625 0.0161995880126953 0 17.6508178710938 17.7513100616455 0 0.0589699945946568 0.0160435187634415 0.924986486641902 
11 0.0844436645507813 0.0161991851806641 0 17.6473754882812 17.7480183380127 0 0.0589588328991783 0.0160723630111385 0.924968804089683 
11.1666666666667 0.0838998413085938 0.0162018035888672 0 17.6473754882812 17.7474771331787 0 0.058956120729807 0.0159681212588193 0.925075758011374 
11.3333333333333 0.0842019653320313 0.0162007965087891 0 17.6508178710938 17.7512206329346 0 0.0589669428615786 0.0160254382989 0.925007618839521 
11.5 0.08435302734375 0.0162001922607422 0 17.6473754882812 17.7479287078857 0 0.0589564597373324 0.0160544655795018 0.924989074683166 
11.6666666666667 0.0839300537109375 0.0162017028808594 0 17.6473754882812 17.747507244873 0 0.058956120729807 0.0159738713925099 0.925070007877683 
11.8333333333333 0.0841717529296875 0.0162007965087891 0 17.6508178710938 17.7511904205322 0 0.0589672819274337 0.0160197803461561 0.92501293772641 
12 0.234569091796875 0.0157000762939453 1.5229248046875 17.2515014648437 19.0246954376221 0.00547411818598259 0.0573923499770957 0.0444571690334402 0.892676362803481 
12.1666666666667 0.08435302734375 0.01620029296875 0 17.6473754882812 17.7479288085937 0 0.058956120729807 0.0160543732641784 0.924989506006015 
12.3333333333333 0.0842019653320313 0.0162007965087891 0 17.6508178710938 17.7512206329346 0 0.0589669428615786 0.0160254382989 0.925007618839521 
12.5 0.0843832397460938 0.0162000915527344 0 17.6473754882812 17.7479588195801 0 0.0589564597373324 0.0160602157462566 0.924983324516411 
12.6666666666667 2.14795074462891 0.00932817993164063 3.45525512695312 44.4807495117188 50.0932835632324 0.0113126065935441 0.134786395664805 0.370802105010614 0.483098892731037 
12.8333333333333 0.704523010253906 0.0141325561523438 1.30946044921875 28.9211791992188 30.9492952148438 0.00453452194443832 0.0926929102583905 0.128638098810653 0.774134468986518 
13 0.868576354980469 0.0135870208740234 0.74871826171875 19.1482543945312 20.7791360321045 0.00268174530266634 0.0634774818982192 0.164037224907137 0.769803547891977 
13.1666666666667 0.1803076171875 0.0158811492919922 0.1210693359375 18.1293090820312 18.4465671844482 0.000436099889827396 0.0604400018362101 0.0342453176643408 0.904878580609622 
13.3333333333333 0.0848666381835937 0.0161988830566406 0 17.4218994140625 17.5229649353027 0 0.0582457230652373 0.016164022534109 0.925590254400654 
13.5 0.0845645141601563 0.0162000915527344 0 17.4046875 17.5054521057129 0 0.0581908581885563 0.0161072203391781 0.925701921472265 
13.6666666666667 0.0842926025390625 0.0162009979248047 0 17.4201782226563 17.5206718231201 0 0.0582396335638904 0.0160545971389442 0.925705769297165 
13.8333333333333 0.0846551513671875 0.0161995880126953 0 17.4218994140625 17.5227541534424 0 0.0582457230652373 0.0161237419510764 0.925630534983686 
14 0.234750366210937 0.015699169921875 1.52133178710938 17.2428955078125 19.0146768310547 0.00546867394677921 0.0573666760197216 0.0444938183942141 0.892670831639285 
14.1666666666667 0.0846249389648438 0.0161983795166016 0 17.6473754882812 17.7481988067627 0 0.0589595109805117 0.0161070506443395 0.924933438375149 
14.3333333333333 0.0845343017578125 0.0161988830566406 0 17.6508178710938 17.7515510559082 0 0.058969655497605 0.0160894291645343 0.924940915337861 
14.5 0.0846551513671875 0.0161983795166016 0 17.6473754882812 17.748229019165 0 0.0589591719378953 0.016112708453134 0.924928119608971 
14.6666666666667 0.724463195800781 0.0140680023193359 0.890496826171875 22.8212768554688 24.4503048797607 0.00314950869917966 0.0747036419363563 0.135102091408997 0.787044757955467 
14.8333333333333 0.0851687622070313 0.0161965667724609 0 17.6508178710938 17.7521832000732 0 0.0589703336956084 0.0162103725683004 0.924819293736091 
15 0.0846249389648438 0.0161984802246094 0 17.6473754882812 17.7481989074707 0 0.0589591719378953 0.0161069580218516 0.924933870040253 
15.1666666666667 0.0842623901367188 0.0161996887207031 0 17.6473754882812 17.7478375671387 0 0.0589591719378953 0.0160379528464635 0.925002875215641 
15.3333333333333 0.0845040893554687 0.0161987823486328 0 17.6508178710938 17.7515207427979 0 0.0589703336956084 0.0160838638075687 0.924945802496823 
15.5 0.0845947265625 0.0161984802246094 0 17.6473754882812 17.7481686950684 0 0.0589595109805117 0.0161013001799895 0.924939188839499 
15.6666666666667 0.084232177734375 0.0161997894287109 0 17.6473754882812 17.7478074554443 0 0.0589591719378953 0.0160322024151811 0.925008625646924 
15.8333333333333 0.0847457885742188 0.0161979766845703 0 17.6508178710938 17.7517616363525 0 0.0589703336956084 0.0161298669932893 0.924899799311102 
16 0.235112915039063 0.0156974578857422 1.52611083984375 16.9812744140625 18.7581956268311 0.00549069504863105 0.0565461350206617 0.0446018672948297 0.893361302635878 
16.1666666666667 0.0846853637695313 0.0161982788085938 0 17.6473754882812 17.7482591308594 0 0.0589591719378953 0.0161184588844163 0.924922369177688 
16.3333333333333 0.0847760009765625 0.0161980773925781 0 17.6508178710938 17.7517919494629 0 0.058969655497605 0.0161354318211877 0.924894912681207 
16.5 0.0849270629882812 0.0161975738525391 0 17.6473754882812 17.7485001251221 0 0.0589588328991783 0.0161643693825797 0.924876797718242 
16.6666666666667 1.36131042480469 0.0120764007568359 1.62965698242187 27.6767578125 30.6798016204834 0.00561853292031899 0.0883147696566269 0.247468090248028 0.658598607175026 
16.8333333333333 0.717242431640625 0.0139641723632813 0.59578857421875 19.2739013671875 20.6008965454102 0.00214977122755386 0.0643666796955832 0.136458740486975 0.797024808589888 
17 0.0855615234375 0.0161965667724609 0 17.4201782226563 17.5219363128662 0 0.0582403038324318 0.0162964667970998 0.925463229370468 
17.1666666666667 0.0845645141601563 0.0161999908447266 0 17.4218994140625 17.5226639190674 0 0.0582453878997825 0.016106386161973 0.925648225938244 
17.3333333333333 0.08483642578125 0.0161990844726562 0 17.4046875 17.5057230102539 0 0.0581911930575697 0.0161591050341827 0.925649701908248 
17.5 0.0849270629882812 0.016198681640625 0 17.4201782226563 17.5213039672852 0 0.0582403038324318 0.0161756243526298 0.925584071814938 
17.6666666666667 0.0845645141601563 0.0161999908447266 0 17.4218994140625 17.5226639190674 0 0.0582453878997825 0.016106386161973 0.925648225938244 
17.8333333333333 0.08483642578125 0.0161990844726562 0 17.4046875 17.5057230102539 0 0.0581911930575697 0.0161591050341827 0.925649701908248 
18 0.236109924316406 0.0156942352294922 1.52611083984375 16.9588989257812 18.7368139251709 0.00549107270799301 0.0564755108474479 0.0447940847734503 0.893239331671109 
18.1666666666667 0.0846853637695313 0.0161982788085938 0 17.6473754882812 17.7482591308594 0 0.0589591719378953 0.0161184588844163 0.924922369177688 
18.3333333333333 0.0847457885742188 0.0161981781005859 0 17.6508178710938 17.7517618377686 0 0.058969655497605 0.016129681489106 0.924900663013289 
18.5 0.0849270629882812 0.0161975738525391 0 17.6473754882812 17.7485001251221 0 0.0589588328991783 0.0161643693825797 0.924876797718242 
18.6666666666667 0.084473876953125 0.0161989837646484 0 17.6473754882812 17.748048348999 0 0.0589591719378953 0.0160782058654399 0.924962622196665 
18.8333333333333 0.0847760009765625 0.0161980773925781 0 17.6508178710938 17.7517919494629 0 0.058969655497605 0.0161354318211877 0.924894912681207 
19 0.977643127441406 0.0132248748779297 1.2935302734375 26.6578125 28.9422107757568 0.00451166253653224 0.0860549622731667 0.179794197068531 0.72963917812177 
19.1666666666667 0.085078125 0.0161969696044922 0 17.6473754882812 17.7486505828857 0 0.0589591719378953 0.0161932144910868 0.924847613571018 
19.3333333333333 0.0847457885742188 0.0161979766845703 0 17.6508178710938 17.7517616363525 0 0.0589703336956084 0.0161298669932893 0.924899799311102 
19.5 0.0848666381835937 0.0161976745605469 0 17.6473754882812 17.7484398010254 0 0.0589591719378953 0.0161529614721104 0.924887866589994 
19.6666666666667 0.084473876953125 0.0161989837646484 0 17.6473754882812 17.748048348999 0 0.0589591719378953 0.0160782058654399 0.924962622196665 
19.8333333333333 0.0847457885742188 0.0161979766845703 0 17.6508178710938 17.7517616363525 0 0.0589703336956084 0.0161298669932893 0.924899799311102 
20 0.235112915039063 0.0156974578857422 1.52611083984375 16.9812744140625 18.7581956268311 0.00549069504863105 0.0565461350206617 0.0446018672948297 0.893361302635878 
20.1666666666667 0.0846853637695313 0.0161982788085938 0 17.6473754882812 17.7482591308594 0 0.0589591719378953 0.0161184588844163 0.924922369177688 
20.3333333333333 0.0847760009765625 0.0161980773925781 0 17.6508178710938 17.7517919494629 0 0.058969655497605 0.0161354318211877 0.924894912681207 
20.5 0.0849270629882812 0.0161975738525391 0 17.6473754882812 17.7485001251221 0 0.0589588328991783 0.0161643693825797 0.924876797718242 
20.6666666666667 0.084473876953125 0.0161989837646484 0 17.6473754882812 17.748048348999 0 0.0589591719378953 0.0160782058654399 0.924962622196665 
20.8333333333333 0.0847760009765625 0.0161980773925781 0 17.6508178710938 17.7517919494629 0 0.058969655497605 0.0161354318211877 0.924894912681207 
21 0.0849270629882812 0.0161975738525391 0 17.6473754882812 17.7485001251221 0 0.0589588328991783 0.0161643693825797 0.924876797718242 
21.1666666666667 0.468503723144531 0.0149203948974609 0.775799560546875 24.1259399414063 25.3851636199951 0.00273340592481169 0.0786738210432967 0.0870368083697226 0.831555964662169 
21.3333333333333 0.0853802490234375 0.0161960632324219 0 17.6508178710938 17.7523941833496 0 0.058969655497605 0.0162504384628212 0.924779906039574 
21.5 0.0849270629882812 0.0161975738525391 0 17.6473754882812 17.7485001251221 0 0.0589588328991783 0.0161643693825797 0.924876797718242 
21.6666666666667 0.084473876953125 0.0161989837646484 0 17.6473754882812 17.748048348999 0 0.0589591719378953 0.0160782058654399 0.924962622196665 
21.8333333333333 0.0847760009765625 0.0161980773925781 0 17.6508178710938 17.7517919494629 0 0.058969655497605 0.0161354318211877 0.924894912681207 
22 0.235143127441406 0.0156973571777344 1.52770385742187 17.2549438476562 19.0334881896973 0.00549139071330818 0.0574047882178462 0.0445667298453363 0.892537091223509 
22.1666666666667 0.0848968505859375 0.0161975738525391 0 17.6473754882812 17.7484699127197 0 0.0589591719378953 0.0161587119033928 0.924882116158712 
22.3333333333333 0.0847760009765625 0.0161980773925781 0 17.6508178710938 17.7517919494629 0 0.058969655497605 0.0161354318211877 0.924894912681207 
22.5 0.0849270629882812 0.0161975738525391 0 17.6473754882812 17.7485001251221 0 0.0589588328991783 0.0161643693825797 0.924876797718242 
22.6666666666667 0.084473876953125 0.0161989837646484 0 17.6473754882812 17.748048348999 0 0.0589591719378953 0.0160782058654399 0.924962622196665 
22.8333333333333 1.49297607421875 0.0115087097167969 1.35247192382812 22.6044067382813 25.4613634460449 0.00477836061145006 0.0739154415903105 0.278124226119453 0.643181971678786 
23 0.0855010986328125 0.0161955596923828 0 17.6473754882812 17.7490721466064 0 0.0589591719378953 0.0162737205290397 0.924767107533065 
23.1666666666667 0.0844134521484375 0.0161993865966797 0 17.6508178710938 17.7514307098389 0 0.058969316404453 0.0160663354494434 0.924964348146104 
23.3333333333333 0.0849270629882812 0.0161975738525391 0 17.6473754882812 17.7485001251221 0 0.0589588328991783 0.0161643693825797 0.924876797718242 
23.5 0.0848666381835937 0.0161976745605469 0 17.6473754882812 17.7484398010254 0 0.0589591719378953 0.0161529614721104 0.924887866589994 
23.6666666666667 0.0844134521484375 0.0161993865966797 0 17.6508178710938 17.7514307098389 0 0.058969316404453 0.0160663354494434 0.924964348146104 
23.8333333333333 0.0848666381835937 0.0161982788085938 0 17.6473754882812 17.7484404052734 0 0.0589571377640794 0.016152404172369 0.924890458063552 
24 0.235868225097656 0.0156957458496094 1.52611083984375 16.736865234375 18.514540045166 0.00549491519590692 0.0557751099843412 0.0447795437729074 0.893950431046844 
24.1666666666667 0.0845645141601563 0.0161995880126953 0 17.6473754882812 17.7481395904541 0 0.058956120729807 0.0160946242000127 0.92494925507018 
24.3333333333333 0.0846551513671875 0.0161992858886719 0 17.6508178710938 17.7516723083496 0 0.0589669428615786 0.0161116893123494 0.924921367826072 
24.5 0.0848062133789063 0.016198681640625 0 17.6473754882812 17.7483803833008 0 0.0589564597373324 0.0161407180808243 0.924902822181843 
24.6666666666667 0.08435302734375 0.01620029296875 0 17.6473754882812 17.7479288085937 0 0.058956120729807 0.0160543732641784 0.924989506006015 
24.8333333333333 0.0846551513671875 0.0161992858886719 0 17.6508178710938 17.7516723083496 0 0.0589669428615786 0.0161116893123494 0.924921367826072 
25 0.0848062133789063 0.016198681640625 0 17.6473754882812 17.7483803833008 0 0.0589564597373324 0.0161407180808243 0.924902822181843 
25.1666666666667 1.87377319335938 0.0102412994384766 2.11234130859375 29.1122314453125 33.1085872467041 0.00728759624738257 0.0929580715899161 0.340857254345903 0.558897077816799 
25.3333333333333 0.718299865722656 0.0140893524169922 0.649951171875 20.3943969726563 21.7767373626709 0.00231903828118339 0.0673487367493677 0.135135135135135 0.795197089834314 
25.5 0.0855917358398438 0.0161969696044922 0 17.4132934570313 17.5150821624756 0 0.0582169512202139 0.016302127390221 0.925480921389565 
25.6666666666667 0.0844436645507813 0.0162009979248047 0 17.3960815429688 17.4967262054443 0 0.0581620850189615 0.0160842018035023 0.925753713177536 
25.8333333333333 0.0849270629882812 0.0161991851806641 0 17.411572265625 17.5126985137939 0 0.0582115318218437 0.0161756243526298 0.925612843825527 
26 0.234961853027344 0.0156982635498047 1.52133178710938 17.2015869140625 18.973578817749 0.00546948827353169 0.0572377652415452 0.0445405343489591 0.892752212135964 
26.1666666666667 0.0848968505859375 0.0161975738525391 0 17.6473754882812 17.7484699127197 0 0.0589591719378953 0.0161587119033928 0.924882116158712 
26.3333333333333 0.0849874877929688 0.0161973724365234 0 17.6508178710938 17.7520027313232 0 0.058969655497605 0.0161756841457594 0.924854660356636 
26.5 0.0851083374023437 0.0161968688964844 0 17.6473754882812 17.7486806945801 0 0.0589591719378953 0.0161989649223692 0.924841863139735 
26.6666666666667 0.0846853637695313 0.0161982788085938 0 17.6473754882812 17.7482591308594 0 0.0589591719378953 0.0161184588844163 0.924922369177688 
26.8333333333333 0.0849874877929688 0.0161973724365234 0 17.6508178710938 17.7520027313232 0 0.058969655497605 0.0161756841457594 0.924854660356636 
27 0.0851385498046875 0.0161968688964844 0 17.6473754882812 17.7487109069824 0 0.0589588328991783 0.0162046221700853 0.924836544930736 
27.1666666666667 0.453216247558594 0.0149705474853516 0.522509765625 22.0364135742188 23.0271101348877 0.00185536103176174 0.0724213027123342 0.0848544842605425 0.840868851995362 oE-wB-
27.3333333333333 1.99818786621094 0.0100004058837891 1.87816772460937 24.3204345703125 28.2067905670166 0.00652289375262797 0.0781751388673734 0.365912762520194 0.549389204859805 
27.5 2.23299865722656 0.008870361328125 2.07888793945312 24.35830078125 28.6790577392578 0.00735430861045833 0.0797533911534148 0.416518735171629 0.496373565064498 
27.6666666666667 0.0839602661132813 0.0162003936767578 0 17.439111328125 17.539271987915 0 0.0583049442961053 0.0159918515790443 0.92570320412485 
27.8333333333333 0.0836883544921875 0.0162013000488281 0 17.4546020507813 17.5544917053223 0 0.0583537129211382 0.0159392352619616 0.9257070518169 
28 0.233995056152344 0.0156998748779297 1.52133178710938 17.2084716796875 18.9794983978271 0.00546986419845011 0.0572646096922557 0.0443603122691059 0.892905213840188 
28.1666666666667 0.0834768676757813 0.0162015014648438 0 17.6473754882812 17.7470538574219 0 0.0589618843880109 0.0158891725898834 0.925148943022106 
28.3333333333333 0.0838092041015625 0.0162001922607422 0 17.6508178710938 17.7508272674561 0 0.0589733857796793 0.0159524302440595 0.925074183976261 
28.5 0.083748779296875 0.0162007965087891 0 17.6473754882812 17.7473250640869 0 0.0589612062520846 0.0159407455116335 0.925098048236282 
28.6666666666667 0.083265380859375 0.0162022064208984 0 17.6473754882812 17.7468430755615 0 0.0589618843880109 0.015848917719044 0.925189197892945 
28.8333333333333 0.08386962890625 0.0161998901367187 0 17.6508178710938 17.7508873901367 0 0.0589737249196336 0.015964023439971 0.925062251640395 
29 0.0838092041015625 0.0162001922607422 0 17.6473754882812 17.7473848846436 0 0.0589625625395365 0.0159526137213181 0.925084823739145 
29.1666666666667 0.0835977172851562 0.0162006958007813 0 17.6473754882812 17.7471739013672 0 0.0589632407066618 0.0159125414059625 0.925124217887376 
29.3333333333333 0.0837789916992187 0.0162001922607422 0 17.6508178710938 17.7507970550537 0 0.0589737249196336 0.0159467712532564 0.92507950382711 
29.5 0.465059509277344 0.0149318756103516 0.619683837890625 22.3031982421875 23.4028734649658 0.00219762836917897 0.073205317243756 0.0869616799145806 0.837635374472484 
29.6666666666667 0.0842019653320313 0.0161997894287109 0 17.4218994140625 17.5223011688232 0 0.058250080567193 0.0160386262142627 0.925711293218544 
29.8333333333333 0.083748779296875 0.0162015014648438 0 17.4046875 17.5046377807617 0 0.058195211786372 0.0159530386740331 0.925851749539595 
30 0.233843994140625 0.0157011840820312 1.52611083984375 17.0862670898438 18.8619231079102 0.00548893332492996 0.0568774959463253 0.0443469143371168 0.893286656391628 
30.1666666666667 0.083507080078125 0.0162015014648438 0 17.6473754882812 17.7470840698242 0 0.0589615453180979 0.0158948318793741 0.925143622802528 
30.3333333333333 0.0840206909179688 0.0161989837646484 0 17.6508178710938 17.7510375457764 0 0.0589750815184574 0.0159931449734598 0.925031773508083 
30.5 0.0841717529296875 0.016198681640625 0 17.6473754882812 17.7477459228516 0 0.0589635797960745 0.0160218992794171 0.925014520924508 
30.6666666666667 0.0834466552734375 0.0162013000488281 0 17.6473754882812 17.7470234436035 0 0.0589629016211491 0.0158836959209611 0.92515340245789 
30.8333333333333 0.083748779296875 0.0162004943847656 0 17.6508178710938 17.7507671447754 0 0.0589730466436257 0.0159408371814852 0.925086116174889 
31 0.478836364746094 0.0148847442626953 0.839520263671875 24.902197265625 26.2354386383057 0.00294998460634219 0.0809874331775309 0.0887178482465224 0.827344733969605 
31.1666666666667 0.847095336914063 0.0136588256835938 0.700927734375 19.8401733398438 21.4018552368164 0.00250522396132845 0.0656311740959842 0.159639703244834 0.772223898697853 
31.3333333333333 0.0846249389648438 0.0161973724365234 0 17.6473754882812 17.7481977996826 0 0.0589629016211491 0.0161079769278103 0.924929121451041 
31.5 0.083990478515625 0.0161994873046875 0 17.6473754882812 17.7475654541016 0 0.0589629016211491 0.0159872102318145 0.925049888147036 
31.6666666666667 0.0832049560546875 0.0162028106689453 0 17.6508178710938 17.7502256378174 0 0.0589713510218634 0.0158368698892454 0.925191779088891 
31.8333333333333 0.0838998413085938 0.0161996887207031 0 17.6473754882812 17.7474750183105 0 0.0589632407066618 0.015970049687155 0.925066709606183 
32 0.234659729003906 0.0156987670898438 1.52611083984375 16.7385864257812 18.5150557617187 0.00549519887113242 0.0557837254924455 0.0445524108894421 0.89416866474698 
32.1666666666667 0.0838998413085938 0.01620029296875 0 17.6473754882812 17.7474756225586 0 0.0589612062520846 0.0159694986601033 0.925069295087812 
32.3333333333333 0.0835977172851562 0.0162014007568359 0 17.6508178710938 17.7506169891357 0 0.0589716901384153 0.0159117178559722 0.925116592005612 
32.5 0.0840206909179688 0.0162001922607422 0 17.6473754882812 17.74759637146 0 0.0589601890774424 0.0159922252827823 0.925047585639775 
32.6666666666667 0.0836883544921875 0.0162009979248047 0 17.6473754882812 17.7472648406982 0 0.0589612062520846 0.0159292442522456 0.92510954949567 
32.8333333333333 0.805915832519531 0.0138773620605469 1.11351928710937 26.7025634765625 28.635875958252 0.00386858970811242 0.085861660560309 0.147631803238768 0.762637946492811 oB-
33 2.12474761962891 0.00932364807128906 2.57431640625 34.1570434570312 38.8654311309814 0.00876503099761891 0.107637401081527 0.381446989461352 0.502150578459502 
33.1666666666667 1.81159606933594 0.0104483551025391 3.0012451171875 42.7320190429688 47.5553085845947 0.00989381479030784 0.130378842780771 0.314890086229532 0.544837256199389 
33.3333333333333 0.802562255859375 0.0138072692871094 0.970147705078125 23.3410766601563 25.1275938903809 0.0034245034751119 0.0762556512742077 0.1493735801525 0.77094626509818 
33.5 1.12127288818359 0.01274560546875 1.90684204101562 27.85576171875 30.896622253418 0.00661128724027086 0.0893876964883405 0.204983043732809 0.69901797253858 
33.6666666666667 0.94528564453125 0.01333212890625 2.20792236328125 36.592529296875 39.7590694335938 0.00743889479277365 0.114105990832877 0.167927951137303 0.710527163237046 
33.8333333333333 0.882232360839844 0.0135425079345703 1.44486694335937 26.3393920898438 28.6800339019775 0.0050421382668831 0.0850714905161104 0.162332391985947 0.74755397923106 
34 1.36877288818359 0.0119215118408203 3.52056884765625 28.2808959960937 33.1821592437744 0.0121213450853705 0.0901202810396933 0.248487574250095 0.649270799624842 
34.1666666666667 0.858002014160156 0.0136238800048828 1.50062255859375 25.9813842773438 28.3536327301025 0.0052415742528531 0.0839931670348381 0.158020665824602 0.752744592887707 
34.3333333333333 1.19163757324219 0.0125120635986328 1.78736572265625 28.1483642578125 31.1398796173096 0.00619345436881414 0.0902742894363515 0.217720345111201 0.685811911083634 
34.5 1.12106140136719 0.0127474182128906 1.4464599609375 25.1483276367187 27.7285964172363 0.00506687946072331 0.0815332332606039 0.207061265715418 0.706338621563255 
34.6666666666667 1.33360565185547 0.0120390380859375 2.96619873046875 38.0882446289063 42.4000880493164 0.00992135382254524 0.117910654532279 0.23519789424327 0.636970097401905 
34.8333333333333 1.37590301513672 0.011898046875 2.11393432617187 30.4134521484375 33.9151875366211 0.00726398878926222 0.0967254573521201 0.249291117898862 0.646719435959755 
35 1.43007385253906 0.0117180816650391 2.49466552734375 34.3222778320312 38.2587352935791 0.00845581485761185 0.107673948962732 0.255585913454789 0.628284322724867 
35.1666666666667 2.43717407226563 0.00836450500488281 2.26367797851562 30.9814453125 35.6906618682861 0.00775883721184192 0.0982822447664705 0.440457340045647 0.453501577976041 
35.3333333333333 3.02577209472656 0.00665871276855469 5.1040283203125 60.689208984375 68.8256681121826 0.015649651008875 0.172224311664461 0.489173704288024 0.322952333038641 
35.5 1.89174957275391 0.00992608337402344 2.892919921875 38.7560668945313 43.5506624725342 0.00978917692212322 0.121378247112031 0.337527154723979 0.531305421241867 
35.6666666666667 1.54817413330078 0.0113826232910156 2.74795532226562 39.5736328125 43.8811448913574 0.00912766024996561 0.121659805488237 0.271147069095065 0.598065465166732 
35.8333333333333 0.965618591308594 0.0132058410644531 2.05977172851562 32.1690673828125 35.2076635437012 0.00706271780809946 0.10208986530037 0.174579678162929 0.716267738728601 
36 1.83866638183594 0.0110813049316406 3.79934692382812 34.6131591796875 40.2622537902832 0.0123327834859634 0.103988375640555 0.3146954035173 0.568983437356182 oE-
36.1666666666667 1.29321166992188 0.0114487884521484 1.48787841796875 27.0313110351562 29.823849911499 0.00539491468641336 0.0907142774626573 0.247241893187621 0.656648914663309 
36.3333333333333 0.347140502929688 0.0153229248046875 0.29630126953125 18.9589233398438 19.6176880371094 0.00106381153377602 0.0629993765835635 0.0657160995864862 0.870220712296174 
36.5 0.306746520996094 0.0154562622070312 0.21983642578125 17.686962890625 18.2290020996094 0.000792907499870722 0.0590428802077647 0.0583361583057061 0.881828053986658 
36.6666666666667 0.0838394165039062 0.0162009979248047 0 17.6577026367188 17.7577430511475 0 0.058991978379 0.0159569880106955 0.925051033610304 
36.8333333333333 0.0832955932617188 0.0162024078369141 0 17.659423828125 17.7589218292236 0 0.0589987464203977 0.0158537567135513 0.925147496866051 
37 0.0833258056640625 0.0162028106689453 0 17.6577026367188 17.7572312530518 0 0.058991639161386 0.015859142295263 0.925149218543351 
37.1666666666667 0.08314453125 0.0162034149169922 0 17.6577026367188 17.7570505828857 0 0.058991639161386 0.0158246408979564 0.925183719940658 
37.3333333333333 0.083748779296875 0.0162008972167969 0 17.659423828125 17.7593735046387 0 0.0589987464203977 0.0159400121907741 0.925061241388828 
37.5 0.0835977172851562 0.0162017028808594 0 17.6577026367188 17.7575020568848 0 0.0589923176005152 0.0159110773760236 0.925096605023461 
37.6666666666667 0.0833258056640625 0.0162028106689453 0 17.6577026367188 17.7572312530518 0 0.058991639161386 0.015859142295263 0.925149218543351 
37.8333333333333 0.0835372924804688 0.0162018035888672 0 17.659423828125 17.7591629241943 0 0.0589980678995308 0.0158995767779925 0.925102355322477 
38 1.12402221679687 0.0128154968261719 2.36085205078125 20.5166015625 24.0142913269043 0.00833239626672664 0.0670190037107838 0.209175756212752 0.715472843809738 
38.1666666666667 2.63802612304688 0.00782209167480469 2.4532470703125 26.06572265625 31.1648179412842 0.00847686201980503 0.0833594794986542 0.480627067611231 0.42753659087031 
38.3333333333333 0.343666076660156 0.0151333923339844 0.318603515625 19.4064331054688 20.0838360900879 0.00115526802218115 0.0651282347504621 0.0657058687615527 0.868010628465804 
38.5 0.084715576171875 0.0161987823486328 0 17.4236206054687 17.5245349639893 0 0.0582531534849461 0.0161357149433754 0.925611131571679 
38.6666666666667 0.0834768676757813 0.0162033142089844 0 17.4098510742188 17.5095312561035 0 0.0582084570586746 0.0159001450176093 0.925891397923716 
38.8333333333333 0.0838092041015625 0.0162016021728516 0 17.4339477539063 17.5339585601807 0 0.0582863390493728 0.0159627114742778 0.925750949476349 
39 0.0840206909179688 0.0162004943847656 0 17.4356689453125 17.5358901306152 0 0.0582930997773008 0.0160032685568286 0.925703631665871 
39.1666666666667 0.0835372924804688 0.0162030120849609 0 17.4098510742188 17.5095913787842 0 0.0582087920308912 0.0159117459184789 0.92587946205063 
39.3333333333333 0.084232177734375 0.0162003936767578 0 17.4150146484375 17.5154472198486 0 0.0582260561313453 0.0160441040219599 0.925729839846695 
39.5 0.0842926025390625 0.0162000915527344 0 17.4150146484375 17.5155073425293 0 0.0582263912067676 0.0160557058180353 0.925717902975197 
39.6666666666667 0.0832955932617188 0.0162037170410156 0 17.411572265625 17.5110715759277 0 0.0582145467310426 0.0158657083172681 0.925919744951689 
39.8333333333333 2.14426483154297 0.00975628967285156 2.0072021484375 25.2515991210937 29.4128223907471 0.00685598620096746 0.0798287091701536 0.386182467175606 0.527132837453273 
40 0.736548156738281 0.0136427124023437 1.9562255859375 17.7919555664063 20.4983720214844 0.00716402585583273 0.0603049961496278 0.142224581709565 0.790306396284974 
40.1666666666667 0.97864013671875 0.0131915405273438 0.884124755859375 20.055322265625 21.9312786987305 0.00316082625706915 0.0663602658511165 0.184478349763935 0.74600055812788 
40.3333333333333 0.0843832397460938 0.0161987823486328 0 17.6508178710938 17.7513998931885 0 0.0589716901384153 0.0160612316486196 0.924967078212965 
40.5 0.0841415405273438 0.0161995880126953 0 17.6473754882812 17.7477166168213 0 0.058960867189971 0.0160154115989534 0.925023721211076 
40.6666666666667 0.0839300537109375 0.0162003936767578 0 17.6473754882812 17.7475059356689 0 0.0589605281317569 0.0159750655564245 0.925064406311819 
40.8333333333333 0.0838092041015625 0.0162007965087891 0 17.6508178710938 17.7508278717041 0 0.0589713510218634 0.015951879837606 0.925076769140531 
41 0.0840206909179688 0.0162004943847656 0 17.6473754882812 17.747596673584 0 0.0589591719378953 0.0159919493962047 0.9250488786659 
41.1666666666667 0.08386962890625 0.0162003936767578 0 17.6473754882812 17.7474455108643 0 0.0589612062520846 0.0159637480304093 0.925075045717506 
41.3333333333333 0.0840206909179688 0.0161998901367187 0 17.6508178710938 17.7510384521484 0 0.0589720292588674 0.0159923172470902 0.925035653494042 
41.5 0.0839300537109375 0.0162004943847656 0 17.6473754882812 17.747506036377 0 0.0589601890774424 0.015974973691323 0.925064837231235 
41.6666666666667 0.0838394165039062 0.0162006958007813 0 17.6473754882812 17.7474156005859 0 0.0589605281317569 0.0159578138657588 0.925081658002484 
41.8333333333333 0.083507080078125 0.0162020050048828 0 17.6508178710938 17.7505269561768 0 0.05897067280046 0.0158941920644048 0.925135135135135 
42 0.234297180175781 0.0156995727539063 1.5229248046875 17.2583862304688 19.0313077880859 0.0054744316555002 0.0574185420603562 0.0444081772891256 0.892698848995018 
42.1666666666667 1.56811431884766 0.0112587524414063 2.50740966796875 37.0142211914062 41.1010039306641 0.00842711668397777 0.115136686333508 0.27788604653653 0.598550150445984 wE-oB-
42.3333333333333 2.07287292480469 0.00957723083496094 2.93593139648437 39.61494140625 44.633322958374 0.00977366255144033 0.122056764668449 0.363847524500445 0.504322048279666 
42.5 1.16414428710938 0.0126031036376953 2.08685302734375 31.842041015625 35.1056414337158 0.00713947037119796 0.100824581577986 0.209998528506107 0.682037419544709 
42.6666666666667 2.26333190917969 0.00894357604980469 2.97097778320312 40.2087524414062 45.4520057098389 0.00987049278369066 0.123637845533404 0.396481553028098 0.470010108654808 
42.8333333333333 2.1119677734375 0.00944681396484375 2.2493408203125 31.9608032226563 36.3315586303711 0.00768690558498331 0.101089341223481 0.380556266297927 0.510667486893608 
43 1.10864410400391 0.0127885070800781 1.59620361328125 30.6320434570313 33.3496796813965 0.00549101271372205 0.0975284962735642 0.201090530469093 0.695889960543621 
43.1666666666667 1.93223419189453 0.0100452209472656 3.85191650390625 49.9524169921875 55.7466129089355 0.0123910403246883 0.148723230894584 0.327737379638313 0.511148349142415 
43.3333333333333 1.40789794921875 0.0117921020507812 1.91002807617187 29.9711059570313 33.3008240844727 0.00657692645251887 0.095516280498508 0.255616991398982 0.642289801649991 
43.5 1.32831848144531 0.0120582733154297 1.98012084960937 28.3187622070313 31.6392598114014 0.00685237352326665 0.0907016102802141 0.242374460437604 0.660071555758916 
43.6666666666667 2.91443939208984 0.00677442626953125 3.4855224609375 43.9884887695313 50.3952250488281 0.0114269002183018 0.133472252686993 0.503791558299126 0.35130928879558 
43.8333333333333 1.55207153320313 0.0113118255615234 2.27323608398437 32.5821533203125 36.4187727630615 0.00775324364853411 0.102851368091626 0.279116771347228 0.610278616912612 
44 1.43868438720703 0.0116897827148438 3.38675537109375 30.49951171875 35.3366412597656 0.0115832429811323 0.0965451860892117 0.259446118305992 0.632425452623664 
44.1666666666667 1.01716094970703 0.0130925445556641 1.36043701171875 24.9125244140625 27.3032149200439 0.00477094972067039 0.0808603351955307 0.188083798882682 0.726284916201117 
44.3333333333333 1.57031982421875 0.0112504943847656 1.74116821289062 27.7542114257812 31.0769499572754 0.00604174497534658 0.089133703318814 0.287306255113096 0.617518296592743 
44.5 1.22163848876953 0.0124112548828125 1.65992431640625 26.7765747070313 29.6705487670898 0.00578009030697716 0.0862964154564718 0.224297458313456 0.683626035923095 
44.6666666666667 1.08794860839844 0.0128568878173828 2.01038818359375 31.4616577148438 34.5728513946533 0.00688804471225221 0.099767487555672 0.196543969958956 0.69680049777312 
44.8333333333333 1.32668701171875 0.0120626037597656 1.3190185546875 22.40302734375 25.060795513916 0.00466389536652134 0.0733155339258959 0.247344170694064 0.674676400013519 
45 0.991268920898438 0.0134666748046875 1.9817138671875 29.8781616210938 32.8646110839844 0.00671949355328331 0.0937650229834767 0.177223941706773 0.722291541756467 
45.1666666666667 0.990906372070313 0.0128927398681641 1.24733276367187 24.8505615234375 27.1016933990479 0.0044478527607362 0.0820154510338559 0.186309929561463 0.727226766643945 
45.3333333333333 1.40079803466797 0.0118153656005859 2.255712890625 32.5838745117187 36.2522008026123 0.00769418860542832 0.102866302605483 0.251935773086641 0.637503735702448 
45.5 1.84555480957031 0.0104589294433594 2.40067749023437 39.28447265625 43.5411638854981 0.00796212837677193 0.120588996729557 0.322743579312203 0.548705295581468 
45.6666666666667 1.29417846679687 0.0123039001464844 3.14302368164062 55.5962036132813 60.0457096618652 0.0099004435880452 0.162085265249594 0.214949519279019 0.613064771883342 
45.8333333333333 1.14275390625 0.0124142761230469 2.04862060546875 31.6131225585938 34.8169113464355 0.00711491753666727 0.101617177601841 0.209264884064466 0.682003020797026 
46 1.94694763183594 0.0099966796875 5.01800537109375 45.2088134765625 52.1837631591797 0.0163109329853668 0.136007290728141 0.333685442362859 0.513996333923634 
46.1666666666667 1.13565399169922 0.0126982727050781 1.7523193359375 28.3394165039062 31.240088104248 0.00606916642757829 0.0908443865727969 0.2073944516784 0.695691995321224 
46.3333333333333 0.82056884765625 0.0137477508544922 1.29671630859375 25.5287109375 27.6597438446045 0.0045394469012977 0.0827138531204515 0.151463609139122 0.761283090839128 
46.5 0.983564758300781 0.0132341400146484 1.42734375 24.79892578125 27.2230684295654 0.00499804763764155 0.0803703910302895 0.181597590227032 0.733033971105037 
46.6666666666667 1.52019744873047 0.0114423431396484 3.57313842773437 48.7630737304688 53.8678519500732 0.0115315407948177 0.145653179785101 0.258685928744023 0.584129350676058 
46.8333333333333 1.44418304443359 0.0116153594970703 3.13027954101562 44.7509765625 49.3370545074463 0.0102824131489302 0.136052285940043 0.250132127700769 0.603533173210258 
47 1.23320983886719 0.0123735900878906 2.50581665039062 37.5856567382813 41.337056817627 0.0084075384566047 0.116716730627385 0.21816840732466 0.65670732359135 
47.1666666666667 1.55899017333984 0.0113706390380859 2.48988647460937 37.6631103515625 41.7233576385498 0.00831590876442515 0.116422722701952 0.27454203976526 0.600719328768362 
47.3333333333333 1.73875396728516 0.0106084808349609 2.33377075195312 33.8627197265625 37.9458529266357 0.00796070184590472 0.106907063560634 0.312727885278951 0.57240434931451 
47.5 1.57705718994141 0.0112278350830078 2.62688598632812 35.8937255859375 40.10889659729 0.00885649682315472 0.112003265463959 0.280351896708219 0.598788341004667 
47.6666666666667 2.22088348388672 0.00911820373535156 3.89811401367187 51.1452026367188 57.2733183380127 0.012471204615416 0.151443336798973 0.37464069475873 0.461444763826881 
47.8333333333333 1.60494323730469 0.0112138366699219 2.88973388671875 42.0349365234375 46.5408274841309 0.00951192398850599 0.128059651404241 0.278551502821067 0.583876921786186 
48 1.72663879394531 0.0106183502197266 3.34852294921875 27.5476684570312 32.633448550415 0.0116329263838312 0.0885751602156131 0.316280562719293 0.583511350681262 
48.1666666666667 0.766367797851563 0.0139283203125 1.3317626953125 24.599267578125 26.7113263916016 0.00467566751305943 0.0799337800199107 0.141869595856777 0.773520956610253 
48.3333333333333 1.85694488525391 0.0102958831787109 2.752734375 36.564990234375 41.1849653778076 0.00925697755397225 0.113805110623025 0.32926019178229 0.547677720040714 
48.5 1.49116333007813 0.0115153564453125 2.81804809570312 40.8628051757812 45.1835319580078 0.00934940013741346 0.125474340679668 0.260853020453464 0.604323238729454 
48.6666666666667 1.25311981201172 0.0123051086425781 1.4209716796875 25.1741455078125 27.8605421081543 0.00497820639465122 0.0816269582154358 0.231481016402409 0.681913818987504 
48.8333333333333 1.42463562011719 0.0117348999023438 2.11234130859375 29.9573364257812 33.5060482543945 0.00726937815568311 0.095417441025388 0.25850698156341 0.638806199255519 
49 1.98422973632813 0.01010947265625 3.82005615234375 48.8491333007813 54.6635286621094 0.0121825451257119 0.144183825359812 0.333653391858321 0.509980237656156 
49.1666666666667 0.788030090332031 0.0136186431884766 1.29512329101562 25.2068481445312 27.3036201690674 0.00459919669627199 0.0828477682864739 0.147553317870679 0.764999717146575 
49.3333333333333 1.02607360839844 0.013063037109375 1.30946044921875 24.2842895507813 26.6328866455078 0.00460233476106492 0.0789955488368187 0.190151451527113 0.726250664875003 
49.5 1.19465881347656 0.0125014892578125 1.92914428710937 31.2895385742188 34.4258431640625 0.00661502829549675 0.0993018987480062 0.215996241833636 0.678086831122861 
49.6666666666667 1.86189971923828 0.0102804748535156 2.994873046875 40.5409423828125 45.4079956237793 0.00993956953204718 0.124530117424383 0.325822261463549 0.539708051580021 
49.8333333333333 1.28269775390625 0.0122096374511719 2.02472534179687 31.401416015625 34.7210487487793 0.00693743211305121 0.0995802607950483 0.231735340512748 0.661746966579153 
50 1.46079986572266 0.0117500061035156 3.31506958007812 26.9211547851562 31.7087742370605 0.0113873278357511 0.0855882723108998 0.264578898696011 0.638445501157338 
50.1666666666667 1.09323577880859 0.0127046173095703 1.80488891601562 28.0330444335938 30.9438737457275 0.00630291836802813 0.0906051469197477 0.201298412309883 0.701793522402341 
50.3333333333333 1.04870269775391 0.0129873046875 1.542041015625 25.5820678710938 28.1857988891602 0.00539269757440029 0.0828013058350325 0.193373889984513 0.718432106606054 
50.5 1.24831604003906 0.0123801361083984 2.09322509765625 31.3687133789062 34.72263465271 0.00714954186345137 0.0991631662567741 0.224813371928526 0.668873919951248 
50.6666666666667 0.901930847167969 0.0134209533691406 2.53289794921875 38.2517578125 41.7000075622559 0.00850572130121487 0.118887515847924 0.159698929562998 0.712907833287862 
50.8333333333333 0.63252685546875 0.0143741546630859 1.20272827148437 24.6457397460938 26.49536902771 0.00422398890014043 0.0801103272332593 0.117130372997801 0.798535310868799 
51 1.15024658203125 0.0126492279052734 1.78736572265625 29.7404663085938 32.6907278411865 0.00616226191260792 0.0948999318965707 0.209099496913377 0.689838309277445 
51.1666666666667 1.16230133056641 0.0126088439941406 1.7140869140625 27.4237426757813 30.3127397644043 0.00595521413311785 0.0881825527722739 0.212921043601466 0.692941189493143 
51.3333333333333 1.03821899414063 0.0130232574462891 1.46716918945312 25.5132202148438 28.0316316558838 0.00513306395429845 0.0826139055315591 0.191522920440295 0.720730110073847 
51.5 0.731653747558594 0.0140437316894531 0.930322265625 22.4460571289063 24.1220768737793 0.00329400085734269 0.0735566184599418 0.136593867743609 0.786555512939106 
51.6666666666667 1.55672424316406 0.011403369140625 3.63526611328125 49.4997436523438 54.7031373779297 0.0116548092686888 0.146880219000097 0.263157625932717 0.578307345798497 
51.8333333333333 0.921750183105469 0.0133040313720703 1.65833129882812 27.5407836914062 30.1341692047119 0.00579440708910362 0.0890646568998531 0.169818987398139 0.735321948612905 
52 1.68080657958984 0.0108836151123047 4.60222778320312 40.5839721679688 46.877890145874 0.015191510842816 0.123987758450245 0.292540437078014 0.568280293628925 
52.1666666666667 1.54497161865234 0.0113915863037109 2.16968994140625 30.919482421875 34.6455355682373 0.00741918966324941 0.0978548627831222 0.278557343472529 0.616168604081099 
52.3333333333333 1.77639862060547 0.0105087799072266 3.44091796875 48.2329467773438 53.4607721466065 0.0111726642148876 0.144949800598979 0.304129230482752 0.539748304703381 
52.5 1.27991821289063 0.0122181976318359 3.2051513671875 45.2776611328125 49.7749489105225 0.0104788937788078 0.13700684877998 0.220640087497721 0.631874169943491 
52.6666666666667 1.40995239257812 0.0117850524902344 2.11712036132812 32.379052734375 35.9179105407715 0.00722946619449386 0.102333121181955 0.253863602983175 0.636573809640376 
52.8333333333333 1.80649017333984 0.0104970977783203 2.59821166992187 37.3154296875 41.73062862854 0.00870623528720968 0.115727272242002 0.319173468134965 0.556393024335823 
53 1.07867340087891 0.0128556793212891 1.33016967773437 24.654345703125 27.0760444610596 0.00467747808307425 0.0802397557628211 0.2 0.715082766154105 
53.1666666666667 1.62878082275391 0.0112813110351563 1.99286499023437 28.1122192382813 31.7451463623047 0.00681688145383211 0.0890008991090647 0.293768901724655 0.610413317712449 
53.3333333333333 0.959032287597656 0.0130625335693359 2.00560913085937 31.8454833984375 34.8231873504639 0.00694770185032917 0.102101969527236 0.175171485174741 0.715778843447694 
53.5 0.954168090820313 0.0133700958251953 1.57230834960937 27.0726196289063 29.6124661651611 0.00545126174340961 0.0868722350173148 0.17442932966602 0.733247173573255 
53.6666666666667 1.13438507080078 0.0126347259521484 2.11871337890625 33.1467041015625 36.4124372772217 0.00724424545464449 0.104894495462815 0.204511040665817 0.683350218416724 
53.8333333333333 1.10646881103516 0.0127963623046875 2.26049194335937 32.7491088867188 36.128866003418 0.00770638614479751 0.103332916967627 0.198894277505933 0.690066419381643 
54 0.96752197265625 0.0132576049804688 2.82760620117187 25.6767333984375 29.4851191772461 0.00984137368943397 0.0827118944782963 0.177555014665033 0.729891717167237 
54.1666666666667 1.36705078125 0.01211396484375 2.09163208007812 29.7335815429688 33.2043783691406 0.00713106384827616 0.0938226412634963 0.245747431079055 0.653298863809172 
54.3333333333333 0.773769836425781 0.0137181427001953 1.325390625 24.8230224609375 26.9359010650635 0.00469838831727674 0.0814424955670254 0.144627912492518 0.76923120362318 
54.5 1.00459259033203 0.0138083770751953 1.32061157226562 25.508056640625 27.8470691802979 0.00445667775908135 0.0796718508921419 0.178756323482767 0.737115147866009 
54.6666666666667 1.25719848632813 0.0116194885253906 1.97374877929687 31.6527099609375 34.8952767150879 0.00701510030064716 0.104122433033819 0.235603191049661 0.653259275615874 oE-wB-
