0.166666666666667 0.0896401977539062 0.0161818634033203 0 17.8005615234375 17.9063835845947 0 0.0594401977125122 0.0170527041784011 0.923507098109087 
0.333333333333333 0.215595703125 0.0157643280029297 0.575079345703125 23.8505493164063 24.6569886932373 0.00202935538453755 0.0778968907577197 0.0401149031137395 0.879958850744003 
0.5 0.708118286132812 0.0141229888916016 0.632427978515625 19.9486083984375 21.3032776519775 0.0022600220878733 0.0659789823638579 0.133426694447291 0.798334301100978 
0.666666666666667 0.338016357421875 0.0153554534912109 0.211871337890625 17.9640747070313 18.529317855835 0.000763345634868251 0.0599025442941349 0.0642128643827518 0.875121245688245 
0.833333333333333 0.0840811157226563 0.0162003936767578 0 17.7265502929688 17.8268318023682 0 0.0592076896985863 0.0159991261706152 0.924793184130798 
1 0.21342041015625 0.0157698669433594 0.1338134765625 18.182666015625 18.5456697692871 0.000481922181042099 0.0606074514348659 0.0405273605581118 0.89838326582598 
1.16666666666667 0.0836279296875 0.0162032135009766 0 17.3582153320312 17.4580464752197 0 0.058044501743925 0.015931302015586 0.926024196240489 
1.33333333333333 0.0838092041015625 0.0162026092529297 0 17.3719848632812 17.4719966766357 0 0.0580878713583572 0.0159651000840268 0.925947028557616 
1.5 0.0838092041015625 0.0162026092529297 0 17.3547729492187 17.4547847625732 0 0.0580336587162722 0.0159660189704393 0.926000322313289 
1.66666666666667 0.0836279296875 0.0162032135009766 0 17.3582153320312 17.4580464752197 0 0.058044501743925 0.015931302015586 0.926024196240489 
1.83333333333333 0.0840206909179688 0.016201904296875 0 17.3599365234375 17.4601591186523 0 0.058049923164141 0.0160060317588217 0.925944045077037 
2 0.22888916015625 0.0157197143554688 1.465576171875 16.6525268554688 18.3627119018555 0.00527937657448799 0.0555195308240992 0.0434745184003489 0.895726574201064 
2.16666666666667 0.0838394165039062 0.0162025085449219 0 17.3461669921875 17.4462089172363 0 0.0580065500549675 0.015972234213389 0.926021215731643 
2.33333333333333 0.0840206909179688 0.016201904296875 0 17.3599365234375 17.4601591186523 0 0.058049923164141 0.0160060317588217 0.925944045077037 
2.5 1.23324005126953 0.0123746978759766 1.09121704101562 21.1224609375 23.4592927276611 0.00387765846037146 0.0694695250009906 0.231068818531245 0.695583998007393 
2.66666666666667 0.0844436645507813 0.01620029296875 0 17.4218994140625 17.522543371582 0 0.0582457230652373 0.0160834613680437 0.925670815566719 
2.83333333333333 0.0841415405273438 0.0162011993408203 0 17.4046875 17.5050302398682 0 0.0581918628071589 0.0160269321516948 0.925781205041146 
3 0.0842926025390625 0.0162006958007813 0 17.4201782226563 17.5206715209961 0 0.058240638972488 0.0160548742943624 0.92570448673315 
3.16666666666667 0.08386962890625 0.0162022064208984 0 17.4218994140625 17.5219712493897 0 0.0582457230652373 0.015974128356955 0.925780148577808 
3.33333333333333 0.0841415405273438 0.0162011993408203 0 17.4046875 17.5050302398682 0 0.0581918628071589 0.0160269321516948 0.925781205041146 
3.5 0.0842926025390625 0.0162006958007813 0 17.4201782226563 17.5206715209961 0 0.058240638972488 0.0160548742943624 0.92570448673315 
3.66666666666667 0.08386962890625 0.0162022064208984 0 17.4218994140625 17.5219712493897 0 0.0582457230652373 0.015974128356955 0.925780148577808 
3.83333333333333 0.0841415405273438 0.0162011993408203 0 17.4046875 17.5050302398682 0 0.0581918628071589 0.0160269321516948 0.925781205041146 
4 0.234478454589844 0.0156997741699219 1.52611083984375 17.081103515625 18.8573925842285 0.00548880753078144 0.0568590041080115 0.0444662163323536 0.893185972028854 
4.16666666666667 0.0840509033203125 0.0162003936767578 0 17.6473754882812 17.7476267852783 0 0.0589591719378953 0.0159976998274871 0.925043128234618 
4.33333333333333 0.214598693847656 0.0157666442871094 0.1083251953125 17.8367065429687 18.175397076416 0.000390598074581256 0.059525997748317 0.040800266525745 0.899283137651357 
4.5 0.0845040893554687 0.0161999908447266 0 17.4201782226563 17.5208823028564 0 0.058240638972488 0.0160951553409791 0.925664205686533 
4.66666666666667 0.08386962890625 0.0162022064208984 0 17.4218994140625 17.5219712493897 0 0.0582457230652373 0.015974128356955 0.925780148577808 
4.83333333333333 0.0841415405273438 0.0162011993408203 0 17.4046875 17.5050302398682 0 0.0581918628071589 0.0160269321516948 0.925781205041146 
5 0.0842926025390625 0.0162005950927734 0 17.4201782226563 17.5206714202881 0 0.0582409741164014 0.0160549666816283 0.92570405920197 
5.16666666666667 0.08386962890625 0.0162022064208984 0 17.4218994140625 17.5219712493897 0 0.0582457230652373 0.015974128356955 0.925780148577808 
5.33333333333333 0.0841415405273438 0.0162011993408203 0 17.4046875 17.5050302398682 0 0.0581918628071589 0.0160269321516948 0.925781205041146 
5.5 0.0842926025390625 0.0162006958007813 0 17.4201782226563 17.5206715209961 0 0.058240638972488 0.0160548742943624 0.92570448673315 
5.66666666666667 0.08386962890625 0.0162022064208984 0 17.4218994140625 17.5219712493897 0 0.0582457230652373 0.015974128356955 0.925780148577808 
5.83333333333333 0.0841415405273438 0.0162011993408203 0 17.4046875 17.5050302398682 0 0.0581918628071589 0.0160269321516948 0.925781205041146 
6 0.234478454589844 0.0156997741699219 1.52611083984375 17.08798828125 18.8642773498535 0.00548868174239863 0.0568806183074464 0.0444651972888891 0.893165502661266 
6.16666666666667 0.0840509033203125 0.01620029296875 0 17.6473754882812 17.7476266845703 0 0.0589595109805117 0.0159977918216896 0.925042697197799 
6.33333333333333 0.0841415405273438 0.0162001922607422 0 17.6508178710938 17.7511596038818 0 0.058969655497605 0.0160146748474724 0.925015669654923 
6.5 0.214810180664063 0.0157650329589844 0.1083251953125 18.4907592773437 18.8296596862793 0.000389767457856394 0.06157752646693 0.0407536268435141 0.8972790792317 
6.66666666666667 0.0840509033203125 0.0162003936767578 0 17.6473754882812 17.7476267852783 0 0.0589591719378953 0.0159976998274871 0.925043128234618 
6.83333333333333 0.084111328125 0.0162000915527344 0 17.6508178710938 17.7511292907715 0 0.0589703336956084 0.0160091086307727 0.925020557673619 
7 0.084232177734375 0.0161997894287109 0 17.6473754882812 17.7478074554443 0 0.0589591719378953 0.0160322024151811 0.925008625646924 
7.16666666666667 0.0838394165039062 0.0162010986328125 0 17.6473754882812 17.747416003418 0 0.0589591719378953 0.0159574468085106 0.925083381253594 
7.33333333333333 0.084111328125 0.0162000915527344 0 17.6508178710938 17.7511292907715 0 0.0589703336956084 0.0160091086307727 0.925020557673619 
7.5 0.084232177734375 0.0161997894287109 0 17.6473754882812 17.7478074554443 0 0.0589591719378953 0.0160322024151811 0.925008625646924 
7.66666666666667 0.0838394165039062 0.0162009979248047 0 17.6473754882812 17.74741590271 0 0.0589595109805117 0.0159575385712396 0.925082950448249 
7.83333333333333 0.084111328125 0.0161999908447266 0 17.6508178710938 17.7511291900635 0 0.05897067280046 0.0160092006900518 0.925020126509488 
8 0.234478454589844 0.0156995727539063 1.52611083984375 16.9812744140625 18.75756328125 0.00549069504863105 0.0565461350206617 0.0444815075912584 0.893481662339449 
8.16666666666667 0.0840811157226563 0.01620029296875 0 17.6473754882812 17.7476568969727 0 0.0589591719378953 0.0160034502587694 0.925037377803335 
8.33333333333333 1.24562713623047 0.0123332061767578 1.54044799804687 26.7042846679688 29.5026930084229 0.00536697451380872 0.086110247757748 0.228826258769203 0.67969651895924 
8.5 0.0849270629882812 0.016198681640625 0 17.4201782226563 17.5213039672852 0 0.0582403038324318 0.0161756243526298 0.925584071814938 
8.66666666666667 0.0839300537109375 0.0162021057128906 0 17.4218994140625 17.5220315734863 0 0.0582453878997825 0.0159855451082391 0.925769066991978 
8.83333333333333 0.0842019653320313 0.0162010986328125 0 17.4046875 17.5050905639648 0 0.0581915279304372 0.0160383493218086 0.925770122747754 
9 0.0843228149414063 0.0162006958007813 0 17.4201782226563 17.5207017333984 0 0.0582403038324318 0.0160605363102774 0.925699159857291 
9.16666666666667 0.0839602661132813 0.0162020050048828 0 17.4218994140625 17.5220616851807 0 0.0582453878997825 0.0159912994441312 0.925763312656086 
9.33333333333333 0.0842019653320313 0.0162010986328125 0 17.4046875 17.5050905639648 0 0.0581915279304372 0.0160383493218086 0.925770122747754 
9.5 0.0843228149414063 0.0162006958007813 0 17.4201782226563 17.5207017333984 0 0.0582403038324318 0.0160605363102774 0.925699159857291 
9.66666666666667 0.0839602661132813 0.0162020050048828 0 17.4218994140625 17.5220616851807 0 0.0582453878997825 0.0159912994441312 0.925763312656086 
9.83333333333333 0.084232177734375 0.0162010986328125 0 17.4046875 17.5051207763672 0 0.0581911930575697 0.0160440116934834 0.925764795248947 
10 0.235505676269531 0.0156962493896484 1.52611083984375 16.9588989257812 18.7362116912842 0.00549107270799301 0.0564755108474479 0.0446794486000057 0.893353967844553 
10.1666666666667 0.0840811157226563 0.01620029296875 0 17.6473754882812 17.7476568969727 0 0.0589591719378953 0.0160034502587694 0.925037377803335 
10.3333333333333 0.0841415405273438 0.0162000915527344 0 17.6508178710938 17.7511595031738 0 0.0589699945946568 0.0160147669377005 0.925015238467643 
10.5 0.215595703125 0.0157624145507813 0.5416259765625 23.5717163085938 24.344700402832 0.00191347706922847 0.0770737307737764 0.0401605069588659 0.880852285198129 
10.6666666666667 0.0844134521484375 0.0161991851806641 0 17.6473754882812 17.7479881256104 0 0.0589591719378953 0.0160667050028752 0.924974123059229 
10.8333333333333 0.0842926025390625 0.0161995880126953 0 17.6508178710938 17.7513100616455 0 0.0589699945946568 0.0160435187634415 0.924986486641902 
11 0.0844436645507813 0.0161991851806641 0 17.6473754882812 17.7480183380127 0 0.0589588328991783 0.0160723630111385 0.924968804089683 
11.1666666666667 0.0838998413085938 0.0162018035888672 0 17.6473754882812 17.7474771331787 0 0.058956120729807 0.0159681212588193 0.925075758011374 
11.3333333333333 0.0842019653320313 0.0162007965087891 0 17.6508178710938 17.7512206329346 0 0.0589669428615786 0.0160254382989 0.925007618839521 
11.5 0.08435302734375 0.0162001922607422 0 17.6473754882812 17.7479287078857 0 0.0589564597373324 0.0160544655795018 0.924989074683166 
11.6666666666667 0.0839300537109375 0.0162017028808594 0 17.6473754882812 17.747507244873 0 0.058956120729807 0.0159738713925099 0.925070007877683 
11.8333333333333 0.0841717529296875 0.0162007965087891 0 17.6508178710938 17.7511904205322 0 0.0589672819274337 0.0160197803461561 0.92501293772641 
12 0.234569091796875 0.0157000762939453 1.5229248046875 17.2515014648437 19.0246954376221 0.00547411818598259 0.0573923499770957 0.0444571690334402 0.892676362803481 
12.1666666666667 0.08435302734375 0.01620029296875 0 17.6473754882812 17.7479288085937 0 0.058956120729807 0.0160543732641784 0.924989506006015 
12.3333333333333 0.0842019653320313 0.0162007965087891 0 17.6508178710938 17.7512206329346 0 0.0589669428615786 0.0160254382989 0.925007618839521 
12.5 0.0843832397460938 0.0162000915527344 0 17.6473754882812 17.7479588195801 0 0.0589564597373324 0.0160602157462566 0.924983324516411 
12.6666666666667 2.14795074462891 0.00932817993164063 3.45525512695312 44.4807495117188 50.0932835632324 0.0113126065935441 0.134786395664805 0.370802105010614 0.483098892731037 
12.8333333333333 0.704523010253906 0.0141325561523438 1.30946044921875 28.9211791992188 30.9492952148438 0.00453452194443832 0.0926929102583905 0.128638098810653 0.774134468986518 
13 0.868576354980469 0.0135870208740234 0.74871826171875 19.1482543945312 20.7791360321045 0.00268174530266634 0.0634774818982192 0.164037224907137 0.769803547891977 
13.1666666666667 0.1803076171875 0.0158811492919922 0.1210693359375 18.1293090820312 18.4465671844482 0.000436099889827396 0.0604400018362101 0.0342453176643408 0.904878580609622 
13.3333333333333 0.0848666381835937 0.0161988830566406 0 17.4218994140625 17.5229649353027 0 0.0582457230652373 0.016164022534109 0.925590254400654 
13.5 0.0845645141601563 0.0162000915527344 0 17.4046875 17.5054521057129 0 0.0581908581885563 0.0161072203391781 0.925701921472265 
13.6666666666667 0.0842926025390625 0.0162009979248047 0 17.4201782226563 17.5206718231201 0 0.0582396335638904 0.0160545971389442 0.925705769297165 
13.8333333333333 0.0846551513671875 0.0161995880126953 0 17.4218994140625 17.5227541534424 0 0.0582457230652373 0.0161237419510764 0.925630534983686 
14 0.234750366210937 0.015699169921875 1.52133178710938 17.2428955078125 19.0146768310547 0.00546867394677921 0.0573666760197216 0.0444938183942141 0.892670831639285 
14.1666666666667 0.0846249389648438 0.0161983795166016 0 17.6473754882812 17.7481988067627 0 0.0589595109805117 0.0161070506443395 0.924933438375149 
14.3333333333333 0.0845343017578125 0.0161988830566406 0 17.6508178710938 17.7515510559082 0 0.058969655497605 0.0160894291645343 0.924940915337861 
14.5 0.0846551513671875 0.0161983795166016 0 17.6473754882812 17.748229019165 0 0.0589591719378953 0.016112708453134 0.924928119608971 
14.6666666666667 0.724463195800781 0.0140680023193359 0.890496826171875 22.8212768554688 24.4503048797607 0.00314950869917966 0.0747036419363563 0.135102091408997 0.787044757955467 
14.8333333333333 0.0851687622070313 0.0161965667724609 0 17.6508178710938 17.7521832000732 0 0.0589703336956084 0.0162103725683004 0.924819293736091 
15 0.0846249389648438 0.0161984802246094 0 17.6473754882812 17.7481989074707 0 0.0589591719378953 0.0161069580218516 0.924933870040253 
15.1666666666667 0.0842623901367188 0.0161996887207031 0 17.6473754882812 17.7478375671387 0 0.0589591719378953 0.0160379528464635 0.925002875215641 
15.3333333333333 0.0845040893554687 0.0161987823486328 0 17.6508178710938 17.7515207427979 0 0.0589703336956084 0.0160838638075687 0.924945802496823 
15.5 0.0845947265625 0.0161984802246094 0 17.6473754882812 17.7481686950684 0 0.0589595109805117 0.0161013001799895 0.924939188839499 
15.6666666666667 0.084232177734375 0.0161997894287109 0 17.6473754882812 17.7478074554443 0 0.0589591719378953 0.0160322024151811 0.925008625646924 
15.8333333333333 0.0847457885742188 0.0161979766845703 0 17.6508178710938 17.7517616363525 0 0.0589703336956084 0.0161298669932893 0.924899799311102 
16 0.235112915039063 0.0156974578857422 1.52611083984375 16.9812744140625 18.7581956268311 0.00549069504863105 0.0565461350206617 0.0446018672948297 0.893361302635878 
16.1666666666667 0.0846853637695313 0.0161982788085938 0 17.6473754882812 17.7482591308594 0 0.0589591719378953 0.0161184588844163 0.924922369177688 
16.3333333333333 0.0847760009765625 0.0161980773925781 0 17.6508178710938 17.7517919494629 0 0.058969655497605 0.0161354318211877 0.924894912681207 
16.5 0.0849270629882812 0.0161975738525391 0 17.6473754882812 17.7485001251221 0 0.0589588328991783 0.0161643693825797 0.924876797718242 
16.6666666666667 1.36131042480469 0.0120764007568359 1.62965698242187 27.6767578125 30.6798016204834 0.00561853292031899 0.0883147696566269 0.247468090248028 0.658598607175026 
16.8333333333333 0.717242431640625 0.0139641723632813 0.59578857421875 19.2739013671875 20.6008965454102 0.00214977122755386 0.0643666796955832 0.136458740486975 0.797024808589888 
17 0.0855615234375 0.0161965667724609 0 17.4201782226563 17.5219363128662 0 0.0582403038324318 0.0162964667970998 0.925463229370468 
17.1666666666667 0.0845645141601563 0.0161999908447266 0 17.4218994140625 17.5226639190674 0 0.0582453878997825 0.016106386161973 0.925648225938244 
17.3333333333333 0.08483642578125 0.0161990844726562 0 17.4046875 17.5057230102539 0 0.0581911930575697 0.0161591050341827 0.925649701908248 
17.5 0.0849270629882812 0.016198681640625 0 17.4201782226563 17.5213039672852 0 0.0582403038324318 0.0161756243526298 0.925584071814938 
17.6666666666667 0.0845645141601563 0.0161999908447266 0 17.4218994140625 17.5226639190674 0 0.0582453878997825 0.016106386161973 0.925648225938244 
17.8333333333333 0.08483642578125 0.0161990844726562 0 17.4046875 17.5057230102539 0 0.0581911930575697 0.0161591050341827 0.925649701908248 
18 0.236109924316406 0.0156942352294922 1.52611083984375 16.9588989257812 18.7368139251709 0.00549107270799301 0.0564755108474479 0.0447940847734503 0.893239331671109 
18.1666666666667 0.0846853637695313 0.0161982788085938 0 17.6473754882812 17.7482591308594 0 0.0589591719378953 0.0161184588844163 0.924922369177688 
18.3333333333333 0.0847457885742188 0.0161981781005859 0 17.6508178710938 17.7517618377686 0 0.058969655497605 0.016129681489106 0.924900663013289 
18.5 0.0849270629882812 0.0161975738525391 0 17.6473754882812 17.7485001251221 0 0.0589588328991783 0.0161643693825797 0.924876797718242 
18.6666666666667 0.084473876953125 0.0161989837646484 0 17.6473754882812 17.748048348999 0 0.0589591719378953 0.0160782058654399 0.924962622196665 
18.8333333333333 0.0847760009765625 0.0161980773925781 0 17.6508178710938 17.7517919494629 0 0.058969655497605 0.0161354318211877 0.924894912681207 
19 0.977643127441406 0.0132248748779297 1.2935302734375 26.6578125 28.9422107757568 0.00451166253653224 0.0860549622731667 0.179794197068531 0.72963917812177 
19.1666666666667 0.085078125 0.0161969696044922 0 17.6473754882812 17.7486505828857 0 0.0589591719378953 0.0161932144910868 0.924847613571018 
19.3333333333333 0.0847457885742188 0.0161979766845703 0 17.6508178710938 17.7517616363525 0 0.0589703336956084 0.0161298669932893 0.924899799311102 
19.5 0.0848666381835937 0.0161976745605469 0 17.6473754882812 17.7484398010254 0 0.0589591719378953 0.0161529614721104 0.924887866589994 
19.6666666666667 0.084473876953125 0.0161989837646484 0 17.6473754882812 17.748048348999 0 0.0589591719378953 0.0160782058654399 0.924962622196665 
19.8333333333333 0.0847457885742188 0.0161979766845703 0 17.6508178710938 17.7517616363525 0 0.0589703336956084 0.0161298669932893 0.924899799311102 
20 0.235112915039063 0.0156974578857422 1.52611083984375 16.9812744140625 18.7581956268311 0.00549069504863105 0.0565461350206617 0.0446018672948297 0.893361302635878 
20.1666666666667 0.0846853637695313 0.0161982788085938 0 17.6473754882812 17.7482591308594 0 0.0589591719378953 0.0161184588844163 0.924922369177688 
20.3333333333333 0.0847760009765625 0.0161980773925781 0 17.6508178710938 17.7517919494629 0 0.058969655497605 0.0161354318211877 0.924894912681207 
20.5 0.0849270629882812 0.0161975738525391 0 17.6473754882812 17.7485001251221 0 0.0589588328991783 0.0161643693825797 0.924876797718242 
20.6666666666667 0.084473876953125 0.0161989837646484 0 17.6473754882812 17.748048348999 0 0.0589591719378953 0.0160782058654399 0.924962622196665 
20.8333333333333 0.0847760009765625 0.0161980773925781 0 17.6508178710938 17.7517919494629 0 0.058969655497605 0.0161354318211877 0.924894912681207 
21 0.0849270629882812 0.0161975738525391 0 17.6473754882812 17.7485001251221 0 0.0589588328991783 0.0161643693825797 0.924876797718242 
21.1666666666667 0.468503723144531 0.0149203948974609 0.775799560546875 24.1259399414063 25.3851636199951 0.00273340592481169 0.0786738210432967 0.0870368083697226 0.831555964662169 
21.3333333333333 0.0853802490234375 0.0161960632324219 0 17.6508178710938 17.7523941833496 0 0.058969655497605 0.0162504384628212 0.924779906039574 
21.5 0.0849270629882812 0.0161975738525391 0 17.6473754882812 17.7485001251221 0 0.0589588328991783 0.0161643693825797 0.924876797718242 
21.6666666666667 0.084473876953125 0.0161989837646484 0 17.6473754882812 17.748048348999 0 0.0589591719378953 0.0160782058654399 0.924962622196665 
21.8333333333333 0.0847760009765625 0.0161980773925781 0 17.6508178710938 17.7517919494629 0 0.058969655497605 0.0161354318211877 0.924894912681207 
22 0.235143127441406 0.0156973571777344 1.52770385742187 17.2549438476562 19.0334881896973 0.00549139071330818 0.0574047882178462 0.0445667298453363 0.892537091223509 
22.1666666666667 0.0848968505859375 0.0161975738525391 0 17.6473754882812 17.7484699127197 0 0.0589591719378953 0.0161587119033928 0.924882116158712 
22.3333333333333 0.0847760009765625 0.0161980773925781 0 17.6508178710938 17.7517919494629 0 0.058969655497605 0.0161354318211877 0.924894912681207 
22.5 0.0849270629882812 0.0161975738525391 0 17.6473754882812 17.7485001251221 0 0.0589588328991783 0.0161643693825797 0.924876797718242 
22.6666666666667 0.084473876953125 0.0161989837646484 0 17.6473754882812 17.748048348999 0 0.0589591719378953 0.0160782058654399 0.924962622196665 
22.8333333333333 1.49297607421875 0.0115087097167969 1.35247192382812 22.6044067382813 25.4613634460449 0.00477836061145006 0.0739154415903105 0.278124226119453 0.643181971678786 
23 0.0855010986328125 0.0161955596923828 0 17.6473754882812 17.7490721466064 0 0.0589591719378953 0.0162737205290397 0.924767107533065 
23.1666666666667 0.0844134521484375 0.0161993865966797 0 17.6508178710938 17.7514307098389 0 0.058969316404453 0.0160663354494434 0.924964348146104 
23.3333333333333 0.0849270629882812 0.0161975738525391 0 17.6473754882812 17.7485001251221 0 0.0589588328991783 0.0161643693825797 0.924876797718242 
23.5 0.0848666381835937 0.0161976745605469 0 17.6473754882812 17.7484398010254 0 0.0589591719378953 0.0161529614721104 0.924887866589994 
23.6666666666667 0.0844134521484375 0.0161993865966797 0 17.6508178710938 17.7514307098389 0 0.058969316404453 0.0160663354494434 0.924964348146104 
23.8333333333333 0.0848666381835937 0.0161982788085938 0 17.6473754882812 17.7484404052734 0 0.0589571377640794 0.016152404172369 0.924890458063552 
24 0.235868225097656 0.0156957458496094 1.52611083984375 16.736865234375 18.514540045166 0.00549491519590692 0.0557751099843412 0.0447795437729074 0.893950431046844 
24.1666666666667 0.0845645141601563 0.0161995880126953 0 17.6473754882812 17.7481395904541 0 0.058956120729807 0.0160946242000127 0.92494925507018 
24.3333333333333 0.0846551513671875 0.0161992858886719 0 17.6508178710938 17.7516723083496 0 0.0589669428615786 0.0161116893123494 0.924921367826072 
24.5 0.0848062133789063 0.016198681640625 0 17.6473754882812 17.7483803833008 0 0.0589564597373324 0.0161407180808243 0.924902822181843 
24.6666666666667 0.08435302734375 0.01620029296875 0 17.6473754882812 17.7479288085937 0 0.058956120729807 0.0160543732641784 0.924989506006015 
24.8333333333333 0.0846551513671875 0.0161992858886719 0 17.6508178710938 17.7516723083496 0 0.0589669428615786 0.0161116893123494 0.924921367826072 
25 0.0848062133789063 0.016198681640625 0 17.6473754882812 17.7483803833008 0 0.0589564597373324 0.0161407180808243 0.924902822181843 
25.1666666666667 1.87377319335938 0.0102412994384766 2.11234130859375 29.1122314453125 33.1085872467041 0.00728759624738257 0.0929580715899161 0.340857254345903 0.558897077816799 
25.3333333333333 0.718299865722656 0.0140893524169922 0.649951171875 20.3943969726563 21.7767373626709 0.00231903828118339 0.0673487367493677 0.135135135135135 0.795197089834314 
25.5 0.0855917358398438 0.0161969696044922 0 17.4132934570313 17.5150821624756 0 0.0582169512202139 0.016302127390221 0.925480921389565 
25.6666666666667 0.0844436645507813 0.0162009979248047 0 17.3960815429688 17.4967262054443 0 0.0581620850189615 0.0160842018035023 0.925753713177536 
25.8333333333333 0.0849270629882812 0.0161991851806641 0 17.411572265625 17.5126985137939 0 0.0582115318218437 0.0161756243526298 0.925612843825527 
26 0.234961853027344 0.0156982635498047 1.52133178710938 17.2015869140625 18.973578817749 0.00546948827353169 0.0572377652415452 0.0445405343489591 0.892752212135964 
26.1666666666667 0.0848968505859375 0.0161975738525391 0 17.6473754882812 17.7484699127197 0 0.0589591719378953 0.0161587119033928 0.924882116158712 
26.3333333333333 0.0849874877929688 0.0161973724365234 0 17.6508178710938 17.7520027313232 0 0.058969655497605 0.0161756841457594 0.924854660356636 
26.5 0.0851083374023437 0.0161968688964844 0 17.6473754882812 17.7486806945801 0 0.0589591719378953 0.0161989649223692 0.924841863139735 
26.6666666666667 0.0846853637695313 0.0161982788085938 0 17.6473754882812 17.7482591308594 0 0.0589591719378953 0.0161184588844163 0.924922369177688 
26.8333333333333 0.0849874877929688 0.0161973724365234 0 17.6508178710938 17.7520027313232 0 0.058969655497605 0.0161756841457594 0.924854660356636 
27 0.0851385498046875 0.0161968688964844 0 17.6473754882812 17.7487109069824 0 0.0589588328991783 0.0162046221700853 0.924836544930736 
27.1666666666667 0.453216247558594 0.0149705474853516 0.522509765625 22.0364135742188 23.0271101348877 0.00185536103176174 0.0724213027123342 0.0848544842605425 0.840868851995362 oE-wB-
27.3333333333333 1.99818786621094 0.0100004058837891 1.87816772460937 24.3204345703125 28.2067905670166 0.00652289375262797 0.0781751388673734 0.365912762520194 0.549389204859805 
27.5 2.23299865722656 0.008870361328125 2.07888793945312 24.35830078125 28.6790577392578 0.00735430861045833 0.0797533911534148 0.416518735171629 0.496373565064498 
27.6666666666667 0.0839602661132813 0.0162003936767578 0 17.439111328125 17.539271987915 0 0.0583049442961053 0.0159918515790443 0.92570320412485 
27.8333333333333 0.0836883544921875 0.0162013000488281 0 17.4546020507813 17.5544917053223 0 0.0583537129211382 0.0159392352619616 0.9257070518169 
28 0.233995056152344 0.0156998748779297 1.52133178710938 17.2084716796875 18.9794983978271 0.00546986419845011 0.0572646096922557 0.0443603122691059 0.892905213840188 
28.1666666666667 0.0834768676757813 0.0162015014648438 0 17.6473754882812 17.7470538574219 0 0.0589618843880109 0.0158891725898834 0.925148943022106 
28.3333333333333 0.0838092041015625 0.0162001922607422 0 17.6508178710938 17.7508272674561 0 0.0589733857796793 0.0159524302440595 0.925074183976261 
28.5 0.083748779296875 0.0162007965087891 0 17.6473754882812 17.7473250640869 0 0.0589612062520846 0.0159407455116335 0.925098048236282 
28.6666666666667 0.083265380859375 0.0162022064208984 0 17.6473754882812 17.7468430755615 0 0.0589618843880109 0.015848917719044 0.925189197892945 
28.8333333333333 0.08386962890625 0.0161998901367187 0 17.6508178710938 17.7508873901367 0 0.0589737249196336 0.015964023439971 0.925062251640395 
29 0.0838092041015625 0.0162001922607422 0 17.6473754882812 17.7473848846436 0 0.0589625625395365 0.0159526137213181 0.925084823739145 
29.1666666666667 0.0835977172851562 0.0162006958007813 0 17.6473754882812 17.7471739013672 0 0.0589632407066618 0.0159125414059625 0.925124217887376 
29.3333333333333 0.0837789916992187 0.0162001922607422 0 17.6508178710938 17.7507970550537 0 0.0589737249196336 0.0159467712532564 0.92507950382711 
29.5 0.465059509277344 0.0149318756103516 0.619683837890625 22.3031982421875 23.4028734649658 0.00219762836917897 0.073205317243756 0.0869616799145806 0.837635374472484 
29.6666666666667 0.0842019653320313 0.0161997894287109 0 17.4218994140625 17.5223011688232 0 0.058250080567193 0.0160386262142627 0.925711293218544 
29.8333333333333 0.083748779296875 0.0162015014648438 0 17.4046875 17.5046377807617 0 0.058195211786372 0.0159530386740331 0.925851749539595 
30 0.233843994140625 0.0157011840820312 1.52611083984375 17.0862670898438 18.8619231079102 0.00548893332492996 0.0568774959463253 0.0443469143371168 0.893286656391628 
30.1666666666667 0.083507080078125 0.0162015014648438 0 17.6473754882812 17.7470840698242 0 0.0589615453180979 0.0158948318793741 0.925143622802528 
30.3333333333333 0.0840206909179688 0.0161989837646484 0 17.6508178710938 17.7510375457764 0 0.0589750815184574 0.0159931449734598 0.925031773508083 
30.5 0.0841717529296875 0.016198681640625 0 17.6473754882812 17.7477459228516 0 0.0589635797960745 0.0160218992794171 0.925014520924508 
30.6666666666667 0.0834466552734375 0.0162013000488281 0 17.6473754882812 17.7470234436035 0 0.0589629016211491 0.0158836959209611 0.92515340245789 
30.8333333333333 0.083748779296875 0.0162004943847656 0 17.6508178710938 17.7507671447754 0 0.0589730466436257 0.0159408371814852 0.925086116174889 
31 0.478836364746094 0.0148847442626953 0.839520263671875 24.902197265625 26.2354386383057 0.00294998460634219 0.0809874331775309 0.0887178482465224 0.827344733969605 
31.1666666666667 0.847095336914063 0.0136588256835938 0.700927734375 19.8401733398438 21.4018552368164 0.00250522396132845 0.0656311740959842 0.159639703244834 0.772223898697853 
31.3333333333333 0.0846249389648438 0.0161973724365234 0 17.6473754882812 17.7481977996826 0 0.0589629016211491 0.0161079769278103 0.924929121451041 
31.5 0.083990478515625 0.0161994873046875 0 17.6473754882812 17.7475654541016 0 0.0589629016211491 0.0159872102318145 0.925049888147036 
31.6666666666667 0.0832049560546875 0.0162028106689453 0 17.6508178710938 17.7502256378174 0 0.0589713510218634 0.0158368698892454 0.925191779088891 
31.8333333333333 0.0838998413085938 0.0161996887207031 0 17.6473754882812 17.7474750183105 0 0.0589632407066618 0.015970049687155 0.925066709606183 
32 0.234659729003906 0.0156987670898438 1.52611083984375 16.7385864257812 18.5150557617187 0.00549519887113242 0.0557837254924455 0.0445524108894421 0.89416866474698 
32.1666666666667 0.0838998413085938 0.01620029296875 0 17.6473754882812 17.7474756225586 0 0.0589612062520846 0.0159694986601033 0.925069295087812 
32.3333333333333 0.0835977172851562 0.0162014007568359 0 17.6508178710938 17.7506169891357 0 0.0589716901384153 0.0159117178559722 0.925116592005612 
32.5 0.0840206909179688 0.0162001922607422 0 17.6473754882812 17.74759637146 0 0.0589601890774424 0.0159922252827823 0.925047585639775 
32.6666666666667 0.0836883544921875 0.0162009979248047 0 17.6473754882812 17.7472648406982 0 0.0589612062520846 0.0159292442522456 0.92510954949567 
32.8333333333333 0.805915832519531 0.0138773620605469 1.11351928710937 26.7025634765625 28.635875958252 0.00386858970811242 0.085861660560309 0.147631803238768 0.762637946492811 oB-
33 1.72114013671875 0.0106674957275391 1.71886596679687 26.513232421875 29.9639060211182 0.00601529747569352 0.0858754794398359 0.317589867094818 0.590519355989653 
33.1666666666667 1.49194885253906 0.0115118316650391 2.64918823242187 39.0348999023438 43.1875488189697 0.00884419224285099 0.120611807501875 0.262624113852356 0.607919886402919 
33.3333333333333 0.636122131347656 0.0143621704101562 1.15015869140625 24.1156127929687 25.9162557861328 0.00404708520179372 0.0785369955156951 0.11802130044843 0.799394618834081 
33.5 1.06948883056641 0.0129185211181641 1.70452880859375 27.4994750976563 30.2864112579346 0.0059206631142688 0.0884060136230585 0.195874349142057 0.709798974120616 
33.6666666666667 1.03589263916016 0.0130314147949219 1.5101806640625 28.785205078125 31.3443097961426 0.00522725894230716 0.0922159056446677 0.189058045733002 0.713498789680023 
33.8333333333333 1.12072906494141 0.0127475189208984 2.67149047851562 41.4910400390625 45.2960071014404 0.0088516127670131 0.127237315063576 0.195796407628116 0.668114664541294 
34 1.58467071533203 0.0112029602050781 3.75633544921875 29.5253173828125 34.8775265075684 0.0128708277612511 0.0936328156982615 0.286296771376327 0.60719958516416 
34.1666666666667 0.990815734863281 0.0131811676025391 1.4846923828125 26.2705444335938 28.7592337188721 0.00518137595552467 0.0848533703961084 0.18232105628909 0.727644197359277 
34.3333333333333 1.14187774658203 0.0126775268554688 2.42457275390625 34.1983520507813 37.777480078125 0.00822391527530124 0.107359377532825 0.20422002485546 0.680196682336413 
34.5 0.743889770507812 0.0140030456542969 1.45442504882812 26.3462768554688 28.558594720459 0.00507538023659166 0.0850918349195055 0.136874054967535 0.772958729876367 
34.6666666666667 1.22272613525391 0.0124087371826172 2.07410888671875 29.6578491210937 32.967092880249 0.00714524830012238 0.0945620379872571 0.222100878613097 0.676191835099523 
34.8333333333333 1.72304351806641 0.0107422210693359 3.82164916992187 50.9644775390625 56.5199124481201 0.0122581205577726 0.151297603049457 0.291410118186881 0.545034158205889 
35 1.53222198486328 0.0113776885986328 3.05062866210938 44.4187866210938 49.013014956665 0.0100044928793087 0.134822949209567 0.264949272258038 0.590223285653087 
35.1666666666667 3.11653015136719 0.00610189819335938 4.47160034179687 56.255419921875 63.8496523132324 0.0140888900042663 0.164047481617186 0.517750395261877 0.304113233116671 
35.3333333333333 2.75159454345703 0.007694091796875 3.32462768554687 40.0435180664062 46.127434387207 0.0108231731033517 0.120652190823899 0.47231456175743 0.396210074315319 
35.5 2.99359588623047 0.00632637634277344 3.41861572265625 41.3137573242188 47.7322953094482 0.0114116764954561 0.127639548425178 0.526899331571419 0.334049443507947 
35.6666666666667 2.59470153808594 0.00764524841308594 4.37601928710937 55.078125 62.0564910736084 0.0139765141647672 0.162813415825464 0.436960680560078 0.386249389449691 
35.8333333333333 1.34979949951172 0.0119814331054688 2.4978515625 37.5684448242188 41.4280773193359 0.00838305425461389 0.116694467611899 0.238858236564659 0.636064241568829 
36 1.40179504394531 0.0118093231201172 2.76388549804687 43.8456298828125 48.0231197479248 0.00908995651490543 0.133462566144496 0.243086917797454 0.614360559543145 
36.1666666666667 1.44844299316406 0.01165634765625 1.83515625 30.685400390625 33.9806559814453 0.00630659235982613 0.097598896346337 0.262457162252417 0.63363734904142 oE-
36.3333333333333 1.48998504638672 0.0115189819335938 1.77621459960938 27.6388916015625 30.9166102294922 0.00616464864267153 0.0887819981201968 0.272665450323437 0.632387902913695 
36.5 0.183812255859375 0.0158663452148438 0.320196533203125 19.9004150390625 20.4202901733398 0.00114598477721714 0.0659197810655948 0.0346874198238262 0.898246814333362 
36.6666666666667 0.0839300537109375 0.0162013000488281 0 17.659423828125 17.7595551818848 0 0.0589953539721238 0.015973595841575 0.925031050186301 
36.8333333333333 0.0837185668945312 0.0162022064208984 0 17.6559814453125 17.7559022186279 0 0.0589838539031234 0.0159333456000736 0.925082800496803 
37 0.0838998413085938 0.0162018035888672 0 17.6559814453125 17.75608309021 0 0.0589831755925342 0.015967662177858 0.925049162229608 
37.1666666666667 0.0833258056640625 0.0162036163330078 0 17.659423828125 17.7589532501221 0 0.0589943363137165 0.0158583215938821 0.925147342092401 
37.3333333333333 0.084232177734375 0.0162000915527344 0 17.6559814453125 17.7564137145996 0 0.0589852105711066 0.0160314649124825 0.924983324516411 
37.5 0.083990478515625 0.0162011993408203 0 17.6559814453125 17.7561731231689 0 0.0589841930642685 0.015985187825957 0.925030619109775 
37.6666666666667 0.083507080078125 0.0162027099609375 0 17.659423828125 17.7591336181641 0 0.0589953539721238 0.0158930953585722 0.925111550669304 
37.8333333333333 0.0839602661132813 0.0162013000488281 0 17.6559814453125 17.7561430114746 0 0.0589841930642685 0.0159794377583937 0.925036369177338 
38 0.234599304199219 0.0156988677978516 1.52611083984375 17.0656127929688 18.8420218048096 0.00548924783552884 0.056811996126585 0.0444927029675172 0.893206053070369 
38.1666666666667 0.0841717529296875 0.0161993865966797 0 17.6473754882812 17.7477466278076 0 0.0589612062520846 0.0160212543273488 0.925017539420567 
38.3333333333333 0.0840811157226563 0.0161998901367187 0 17.6508178710938 17.7510988769531 0 0.0589713510218634 0.0160036343143682 0.925025014663768 
38.5 1.64980865478516 0.0111684173583984 2.75432739257812 37.9453857421875 42.3606902069092 0.00913456712506802 0.116472334782678 0.28849699652897 0.585896101563284 
38.6666666666667 0.215233154296875 0.0155836578369141 0.109918212890625 17.2239624023438 17.5646974273682 0.000401300446083249 0.0582001965790591 0.041432817070972 0.899965685903886 
38.8333333333333 0.0838998413085938 0.0162007965087891 0 17.4305053710938 17.5306060089111 0 0.0582771776973408 0.0159806183929609 0.925742203909698 
39 0.0839602661132813 0.0162004943847656 0 17.4442749023438 17.5444356628418 0 0.0583208654620785 0.0159914834848659 0.925687651053056 
39.1666666666667 0.083507080078125 0.0162026092529297 0 17.4356689453125 17.5353786346436 0 0.0582917580172746 0.015905075928899 0.925803166053826 
39.3333333333333 0.084111328125 0.0162004943847656 0 17.4098510742188 17.5101628967285 0 0.0582108019451558 0.0160216384197048 0.925767559635139 
39.5 0.0844134521484375 0.0161993865966797 0 17.41845703125 17.5190698699951 0 0.0582382358188169 0.0160788172804125 0.925682946900771 
39.6666666666667 0.0832049560546875 0.016203515625 0 17.44599609375 17.5454045654297 0 0.0583246061247742 0.0158470762892293 0.925828317585997 
39.8333333333333 0.0838092041015625 0.0162016021728516 0 17.4167358398438 17.5167466461182 0 0.0582321459400357 0.0159636300857455 0.925804223974219 
40 0.234961853027344 0.0156968536376953 1.52451782226562 16.9640625 18.7392390289307 0.00548565532658852 0.0564959445129116 0.0445788312172193 0.89343956894328 
40.1666666666667 0.0835675048828125 0.0162011993408203 0 17.6473754882812 17.7471441925049 0 0.0589618843880109 0.015906424677386 0.925131690934603 
40.3333333333333 0.083748779296875 0.0162001922607422 0 17.6508178710938 17.7507668426514 0 0.0589740640634884 0.0159411121973662 0.925084823739145 
40.5 0.0838092041015625 0.0162000915527344 0 17.6473754882812 17.7473847839355 0 0.0589629016211491 0.0159527054615301 0.925084392917321 
40.6666666666667 1.09229919433594 0.0128423858642578 1.822412109375 32.6182983398437 35.5458520294189 0.00622517277031071 0.103123469554334 0.196735049246341 0.693916308429015 wE-oB-
40.8333333333333 0.731079711914063 0.0140454437255859 1.52451782226562 29.8282470703125 32.0978900482178 0.00525962891311994 0.0952448997537812 0.132991118536757 0.766504352796342 
41 0.0856521606445313 0.0161953582763672 0 17.6508178710938 17.7526653900146 0 0.0589689773152008 0.0163020039676835 0.924729018717116 
41.1666666666667 2.51457824707031 0.00810810241699219 3.26409301757812 35.7852905273437 41.5720698944092 0.0109818255878144 0.111431496240239 0.446079718728059 0.431506959443888 
41.3333333333333 1.77198760986328 0.0105817932128906 2.49307250976562 32.3962646484375 36.6719065612793 0.00850026071087164 0.102231250543148 0.318561527765708 0.570706960980273 
41.5 0.0857730102539063 0.0161947540283203 0 17.8263793945313 17.9283471588135 0 0.0595212781241918 0.0163156231142783 0.92416309876153 
41.6666666666667 0.0845947265625 0.0161989837646484 0 17.7747436523438 17.8755373626709 0 0.0593580797572107 0.0160939888951477 0.924547931347642 
41.8333333333333 0.084957275390625 0.0161975738525391 0 17.7747436523438 17.8758985015869 0 0.0593587621281096 0.0161631489400837 0.924478088931807 
42 0.229735107421875 0.0157159881591797 1.465576171875 17.0139770507812 18.7250043182373 0.00527329420396185 0.0566592534849596 0.0435849229640499 0.894482529347029 
42.1666666666667 0.0848968505859375 0.0161989837646484 0 17.2859252929687 17.3870211273193 0 0.0578167457283655 0.0161769446875144 0.92600630958412 
42.3333333333333 0.085078125 0.0161983795166016 0 17.2996948242188 17.4009713287354 0 0.0578601363175831 0.0162107396149949 0.925929124067422 
42.5 0.085078125 0.0161983795166016 0 17.2824829101563 17.3837594146729 0 0.0578058974565635 0.0162116728650217 0.925982429678415 
42.6666666666667 0.0846853637695313 0.0161996887207031 0 17.2979736328125 17.3988586853027 0 0.0578547127124937 0.0161359959933453 0.926009291294161 
42.8333333333333 0.085078125 0.0161983795166016 0 17.2996948242188 17.4009713287354 0 0.0578601363175831 0.0162107396149949 0.925929124067422 
43 0.085078125 0.0161983795166016 0 17.2824829101563 17.3837594146729 0 0.0578058974565635 0.0162116728650217 0.925982429678415 
43.1666666666667 0.0846853637695313 0.0161996887207031 0 17.2979736328125 17.3988586853027 0 0.0578547127124937 0.0161359959933453 0.926009291294161 
43.3333333333333 0.86165771484375 0.0136951812744141 1.18201904296875 25.0226806640625 27.0800526031494 0.00412706005372965 0.0808614542602718 0.158630394518018 0.75638109116798 
43.5 2.67721160888672 0.00769348754882813 4.28362426757812 46.4618408203125 53.4303701843262 0.0138117006523191 0.138651189069803 0.455149211567107 0.392387898710771 
43.6666666666667 1.89809417724609 0.00995377807617187 2.62529296875 32.4513427734375 36.9846836975098 0.00904674333708451 0.103499574561524 0.344879642082727 0.542574040018664 
43.8333333333333 0.339134216308594 0.0153515258789063 0.237359619140625 17.94169921875 18.5335445800781 0.000855171780479126 0.0598275881860027 0.0644248539320684 0.87489238610145 
44 0.235807800292969 0.0156953430175781 1.52133178710938 17.1189697265625 18.8918046569824 0.00547102362565595 0.0569788491945278 0.0447134443960677 0.892836682783749 
44.1666666666667 0.336415100097656 0.0153611938476562 0.473126220703125 20.9486206054688 21.7735231201172 0.00168620660288983 0.0691004059386266 0.0632185539500951 0.865994833508388 
44.3333333333333 0.350765991210938 0.0153134582519531 0.71048583984375 24.007177734375 25.0837430236816 0.00250474553807101 0.07833226628927 0.0652020082892476 0.853960979883411 
44.5 0.0857427978515625 0.0161957611083984 0 17.4201782226563 17.5221167816162 0 0.0582409741164014 0.0163311811621724 0.925427844721426 
44.6666666666667 0.213813171386719 0.0157695648193359 0.129034423828125 17.907275390625 18.2658925506592 0.000465118949864771 0.0597419451159639 0.0406376149159628 0.899155321018208 
44.8333333333333 0.085198974609375 0.0161976745605469 0 17.4046875 17.5060841491699 0 0.0581918628071589 0.0162283478160787 0.925579789376762 
45 0.0851385498046875 0.0161978759765625 0 17.4201782226563 17.5215146484375 0 0.058240638972488 0.0162159984808291 0.925543362546683 
45.1666666666667 0.084715576171875 0.0161993865966797 0 17.4218994140625 17.5228143768311 0 0.0582457230652373 0.0161352506890857 0.925619026245677 
45.3333333333333 0.0849874877929688 0.0161983795166016 0 17.4046875 17.5058733673096 0 0.0581918628071589 0.0161880646832019 0.925620072509639 
45.5 0.0851385498046875 0.0161978759765625 0 17.4201782226563 17.5215146484375 0 0.058240638972488 0.0162159984808291 0.925543362546683 
45.6666666666667 0.084715576171875 0.0161993865966797 0 17.4218994140625 17.5228143768311 0 0.0582457230652373 0.0161352506890857 0.925619026245677 
45.8333333333333 0.0849874877929688 0.0161983795166016 0 17.4046875 17.5058733673096 0 0.0581918628071589 0.0161880646832019 0.925620072509639 
46 0.235294189453125 0.0156969543457031 1.52611083984375 17.08798828125 18.8650902648926 0.00548871318895382 0.0568809441961728 0.0446201443795119 0.893010198235362 
46.1666666666667 0.0848968505859375 0.0161975738525391 0 17.6473754882812 17.7484699127197 0 0.0589591719378953 0.0161587119033928 0.924882116158712 
46.3333333333333 0.0849874877929688 0.0161973724365234 0 17.6508178710938 17.7520027313232 0 0.058969655497605 0.0161756841457594 0.924854660356636 
46.5 0.0851385498046875 0.0161968688964844 0 17.6473754882812 17.7487109069824 0 0.0589588328991783 0.0162046221700853 0.924836544930736 
46.6666666666667 0.717272644042969 0.0140920715332031 1.006787109375 24.7903198242188 26.5284716491699 0.00353653486732398 0.0805960628070686 0.132849484628384 0.783017917697223 
46.8333333333333 0.0856219482421875 0.0161962646484375 0 17.4046875 17.5065057128906 0 0.0581918628071589 0.0163089140818323 0.925499223111009 
47 0.0851385498046875 0.0161978759765625 0 17.4201782226563 17.5215146484375 0 0.058240638972488 0.0162159984808291 0.925543362546683 
47.1666666666667 0.084715576171875 0.0161993865966797 0 17.4218994140625 17.5228143768311 0 0.0582457230652373 0.0161352506890857 0.925619026245677 
47.3333333333333 0.0848666381835937 0.0161984802246094 0 17.4064086914062 17.5074738098145 0 0.058198287371668 0.016165231803324 0.925636480825008 
47.5 0.0850177001953125 0.0161979766845703 0 17.4236206054687 17.5248362823486 0 0.0582524830530907 0.0161930739219004 0.925554443025009 
47.6666666666667 0.0845947265625 0.0161994873046875 0 17.4236206054687 17.5244148193359 0 0.05825214784295 0.0161124186466719 0.925635433510378 
47.8333333333333 0.0848666381835937 0.016198681640625 0 17.4064086914062 17.5074740112305 0 0.058197617540427 0.0161650457501295 0.925637336709443 
48 0.235203552246094 0.0156979614257813 1.52611083984375 17.0828247070312 18.8598370605469 0.00548858740489504 0.0568624530204418 0.0446019341827849 0.893047025391878 
48.1666666666667 0.0847760009765625 0.0161988830566406 0 17.6473754882812 17.7483503723145 0 0.058956120729807 0.0161348751358469 0.924909004134346 
48.3333333333333 0.722529602050781 0.0140750518798828 0.624462890625 20.44775390625 21.8088214508057 0.00222793097960761 0.0675199490758633 0.135920840248255 0.794331279696274 
48.5 0.270189514160156 0.01558154296875 0.2612548828125 18.4339599609375 18.9809859008789 0.000939628846605591 0.0613623472386944 0.0512384193609378 0.886459604553762 
48.6666666666667 0.085198974609375 0.0161978759765625 0 17.4218994140625 17.5232962646484 0 0.0582453878997825 0.016227227215707 0.92552738488451 
48.8333333333333 0.0850479125976563 0.0161983795166016 0 17.4046875 17.5059337921143 0 0.0581911930575697 0.0161993877034275 0.925609419239003 
49 0.0851385498046875 0.0161979766845703 0 17.4201782226563 17.5215147491455 0 0.0582403038324318 0.0162159051674531 0.925543791000115 
49.1666666666667 0.0847760009765625 0.0161992858886719 0 17.4218994140625 17.5228747009277 0 0.0582453878997825 0.0161466665132177 0.925607945587 
49.3333333333333 0.0850479125976563 0.0161983795166016 0 17.4046875 17.5059337921143 0 0.0581911930575697 0.0161993877034275 0.925609419239003 
49.5 0.0851385498046875 0.0161979766845703 0 17.4201782226563 17.5215147491455 0 0.0582403038324318 0.0162159051674531 0.925543791000115 
49.6666666666667 0.0847760009765625 0.0161992858886719 0 17.4218994140625 17.5228747009277 0 0.0582453878997825 0.0161466665132177 0.925607945587 
49.8333333333333 0.0850479125976563 0.0161983795166016 0 17.4046875 17.5059337921143 0 0.0581911930575697 0.0161993877034275 0.925609419239003 
50 0.236321411132813 0.0156935302734375 1.52611083984375 16.9588989257812 18.7370247070312 0.00549107270799301 0.0564755108474479 0.0448342074341559 0.893199209010403 
50.1666666666667 0.0848968505859375 0.0161975738525391 0 17.6473754882812 17.7484699127197 0 0.0589591719378953 0.0161587119033928 0.924882116158712 
50.3333333333333 0.0849874877929688 0.0161973724365234 0 17.6508178710938 17.7520027313232 0 0.058969655497605 0.0161756841457594 0.924854660356636 
50.5 0.721864929199219 0.0142051666259766 1.01634521484375 25.6302612304687 27.3826765411377 0.00353511566698989 0.0825100429422358 0.132389527635407 0.781565313755368 
50.6666666666667 0.338258056640625 0.0152258422851563 0.2548828125 18.4752685546875 19.0836352661133 0.000923371691732361 0.0619466983690947 0.0646129341289719 0.872516995810201 
50.8333333333333 0.0855917358398438 0.0161951568603516 0 17.6508178710938 17.7526047637939 0 0.0589703336956084 0.0162908781433114 0.92473878816108 
51 0.085078125 0.0161969696044922 0 17.6473754882812 17.7486505828857 0 0.0589591719378953 0.0161932144910868 0.924847613571018 
51.1666666666667 0.0846853637695313 0.0161982788085938 0 17.6473754882812 17.7482591308594 0 0.0589591719378953 0.0161184588844163 0.924922369177688 
51.3333333333333 0.084957275390625 0.0161972717285156 0 17.6508178710938 17.7519724182129 0 0.0589703336956084 0.0161701197807948 0.924859546523597 
51.5 0.085078125 0.0161969696044922 0 17.6473754882812 17.7486505828857 0 0.0589591719378953 0.0161932144910868 0.924847613571018 
51.6666666666667 0.0846853637695313 0.0161982788085938 0 17.6473754882812 17.7482591308594 0 0.0589591719378953 0.0161184588844163 0.924922369177688 
51.8333333333333 0.084957275390625 0.0161972717285156 0 17.6508178710938 17.7519724182129 0 0.0589703336956084 0.0161701197807948 0.924859546523597 
52 0.235324401855469 0.0156967529296875 1.52611083984375 16.9812744140625 18.7584064086914 0.00549069504863105 0.0565461350206617 0.0446419871960201 0.893321182734687 
52.1666666666667 0.0848968505859375 0.0161975738525391 0 17.6473754882812 17.7484699127197 0 0.0589591719378953 0.0161587119033928 0.924882116158712 
52.3333333333333 0.0849874877929688 0.0161973724365234 0 17.6508178710938 17.7520027313232 0 0.058969655497605 0.0161756841457594 0.924854660356636 
52.5 0.0851385498046875 0.0161968688964844 0 17.6473754882812 17.7487109069824 0 0.0589588328991783 0.0162046221700853 0.924836544930736 
52.6666666666667 1.35526794433594 0.0119671325683594 1.64558715820312 27.5270141601563 30.5398363952637 0.00571621457109023 0.0884989541485441 0.248226479409454 0.657558351870912 
52.8333333333333 0.469772644042969 0.0149161651611328 0.34727783203125 19.0398193359375 19.8717859771729 0.00124612728790113 0.0632323855906529 0.0888808862365813 0.846640600884865 
53 0.0857125854492188 0.0161948547363281 0 17.6473754882812 17.7492829284668 0 0.0589591719378953 0.0163139735480161 0.924726854514089 
53.1666666666667 0.0846249389648438 0.016198681640625 0 17.6508178710938 17.7516414916992 0 0.058969316404453 0.0161065875425522 0.924924096052995 
53.3333333333333 0.0851385498046875 0.0161968688964844 0 17.6473754882812 17.7487109069824 0 0.0589588328991783 0.0162046221700853 0.924836544930736 
53.5 0.085078125 0.0161969696044922 0 17.6473754882812 17.7486505828857 0 0.0589591719378953 0.0161932144910868 0.924847613571018 
53.6666666666667 0.0846249389648438 0.016198681640625 0 17.6508178710938 17.7516414916992 0 0.058969316404453 0.0161065875425522 0.924924096052995 
53.8333333333333 0.0851385498046875 0.0161968688964844 0 17.6473754882812 17.7487109069824 0 0.0589588328991783 0.0162046221700853 0.924836544930736 
54 0.236200561523437 0.0156937316894531 1.52611083984375 16.736865234375 18.5148703674316 0.00549519887113242 0.0557779893767137 0.0448449527917675 0.893881858960386 
54.1666666666667 0.0848968505859375 0.0161975738525391 0 17.6473754882812 17.7484699127197 0 0.0589591719378953 0.0161587119033928 0.924882116158712 
54.3333333333333 0.0849874877929688 0.0161973724365234 0 17.6508178710938 17.7520027313232 0 0.058969655497605 0.0161756841457594 0.924854660356636 
54.5 0.57427734375 0.0145691253662109 1.18361206054687 28.5321899414063 30.3046484710693 0.00410508577585016 0.0915881654189342 0.105019475676124 0.799287273129092 oE-wB-
54.6666666666667 0.851929321289063 0.0136432159423828 0.76783447265625 20.47529296875 22.1086999786377 0.0027378741145931 0.0675720964049782 0.160171315940448 0.76951871353998 
54.8333333333333 0.0843832397460938 0.0161997894287109 0 17.2790405273438 17.3796235565186 0 0.057798043652233 0.016080280498126 0.926121675849641 
55 0.0838998413085938 0.0162008972167969 0 17.3100219726563 17.4101227111816 0 0.0578973426058122 0.0159869663335329 0.926115691060655 
55.1666666666667 0.0841415405273438 0.01620029296875 0 17.301416015625 17.4017578491211 0 0.0578695574579306 0.0160332985993172 0.926097143942752 
55.3333333333333 0.0838394165039062 0.0162015014648438 0 17.3134643554688 17.4135052734375 0 0.0579068562546773 0.0159749006965632 0.926118243048759 
55.5 0.0838998413085938 0.0162014007568359 0 17.2996948242188 17.3997960662842 0 0.0578631342003305 0.0159870583697461 0.926149807429923 
55.6666666666667 0.08386962890625 0.0162020050048828 0 17.2910888671875 17.3911605010986 0 0.0578343494355308 0.0159813014167861 0.926184349147683 
55.8333333333333 0.083990478515625 0.0162009979248047 0 17.30830078125 17.4084922576904 0 0.0578905858716114 0.0160039606924304 0.926105453435958 
56 0.229312133789063 0.0157171966552734 1.465576171875 16.599169921875 18.3097754241943 0.00528064929026926 0.055354980168866 0.0435653566447214 0.895799013896143 
56.1666666666667 0.0833560180664062 0.0162030120849609 0 17.3203491210937 17.4199081512451 0 0.0579288826973226 0.0158825188673271 0.92618859843535 
56.3333333333333 0.0841415405273438 0.0162005950927734 0 17.3031372070312 17.4034793426514 0 0.0578739817506692 0.0160329293917849 0.926093088857546 
