0 0.235505676269531 0.0156949401855469 1.52451782226562 16.9726684570313 18.748386895752 0.00548552955135591 0.0565233092015889 0.044680985217157 0.893310176029898 
0.166666666666667 0.0896401977539062 0.0161818634033203 0 17.8005615234375 17.9063835845947 0 0.0594401977125122 0.0170527041784011 0.923507098109087 
0.333333333333333 0.215595703125 0.0157643280029297 0.575079345703125 23.8471069335938 24.6535463104248 0.0020293782007679 0.0778865234671449 0.0401153541293068 0.87996874420278 
0.5 0.708269348144531 0.0141225860595703 0.632427978515625 19.9400024414062 21.294822354126 0.00226007355201585 0.0659520204032837 0.133458197178608 0.798329708866092 
0.666666666666667 0.338046569824219 0.0153551513671875 0.211871337890625 17.962353515625 18.527626574707 0.000763358778625954 0.0598978361935373 0.0642197095792917 0.875119095448545 
0.833333333333333 0.0840811157226563 0.0162003936767578 0 17.7265502929688 17.8268318023682 0 0.0592076896985863 0.0159991261706152 0.924793184130798 
1 0.213450622558594 0.0157699676513672 0.132220458984375 18.182666015625 18.5441070648193 0.000476182280282038 0.0606071037216801 0.0405328651830433 0.898383848814995 
1.16666666666667 0.0836279296875 0.0162032135009766 0 17.3582153320312 17.4580464752197 0 0.058044501743925 0.015931302015586 0.926024196240489 
1.33333333333333 0.0838092041015625 0.0162026092529297 0 17.3719848632812 17.4719966766357 0 0.0580878713583572 0.0159651000840268 0.925947028557616 
1.5 0.0838092041015625 0.0162026092529297 0 17.3547729492187 17.4547847625732 0 0.0580336587162722 0.0159660189704393 0.926000322313289 
1.66666666666667 0.0836279296875 0.0162032135009766 0 17.3582153320312 17.4580464752197 0 0.058044501743925 0.015931302015586 0.926024196240489 
1.83333333333333 0.0840206909179688 0.016201904296875 0 17.3599365234375 17.4601591186523 0 0.058049923164141 0.0160060317588217 0.925944045077037 
2 0.22888916015625 0.0157197143554688 1.465576171875 16.6525268554688 18.3627119018555 0.00527937657448799 0.0555195308240992 0.0434745184003489 0.895726574201064 
2.16666666666667 0.0838394165039062 0.0162025085449219 0 17.3461669921875 17.4462089172363 0 0.0580065500549675 0.015972234213389 0.926021215731643 
2.33333333333333 0.0840206909179688 0.016201904296875 0 17.3599365234375 17.4601591186523 0 0.058049923164141 0.0160060317588217 0.925944045077037 
2.5 1.23336090087891 0.0123743957519531 1.09121704101562 21.1207397460938 23.4576920837402 0.00387765846037146 0.06946386418572 0.231091461792327 0.695567015561581 
2.66666666666667 0.0844436645507813 0.01620029296875 0 17.4218994140625 17.522543371582 0 0.0582457230652373 0.0160834613680437 0.925670815566719 
2.83333333333333 0.0841415405273438 0.0162011993408203 0 17.4046875 17.5050302398682 0 0.0581918628071589 0.0160269321516948 0.925781205041146 
3 0.0842926025390625 0.0162006958007813 0 17.4201782226563 17.5206715209961 0 0.058240638972488 0.0160548742943624 0.92570448673315 
3.16666666666667 0.08386962890625 0.0162022064208984 0 17.4218994140625 17.5219712493897 0 0.0582457230652373 0.015974128356955 0.925780148577808 
3.33333333333333 0.0841415405273438 0.0162011993408203 0 17.4046875 17.5050302398682 0 0.0581918628071589 0.0160269321516948 0.925781205041146 
3.5 0.0842926025390625 0.0162006958007813 0 17.4201782226563 17.5206715209961 0 0.058240638972488 0.0160548742943624 0.92570448673315 
3.66666666666667 0.08386962890625 0.0162022064208984 0 17.4218994140625 17.5219712493897 0 0.0582457230652373 0.015974128356955 0.925780148577808 
3.83333333333333 0.0841415405273438 0.0162011993408203 0 17.4046875 17.5050302398682 0 0.0581918628071589 0.0160269321516948 0.925781205041146 
4 0.234478454589844 0.0156997741699219 1.52611083984375 17.081103515625 18.8573925842285 0.00548880753078144 0.0568590041080115 0.0444662163323536 0.893185972028854 
4.16666666666667 0.0840509033203125 0.0162003936767578 0 17.6473754882812 17.7476267852783 0 0.0589591719378953 0.0159976998274871 0.925043128234618 
4.33333333333333 0.214568481445313 0.0157667449951172 0.1083251953125 17.838427734375 18.1770881561279 0.00039059583096391 0.0595313998839701 0.0407942881103778 0.899283716174688 
4.5 0.0845040893554687 0.0161999908447266 0 17.4201782226563 17.5208823028564 0 0.058240638972488 0.0160951553409791 0.925664205686533 
4.66666666666667 0.08386962890625 0.0162022064208984 0 17.4218994140625 17.5219712493897 0 0.0582457230652373 0.015974128356955 0.925780148577808 
4.83333333333333 0.0841415405273438 0.0162011993408203 0 17.4046875 17.5050302398682 0 0.0581918628071589 0.0160269321516948 0.925781205041146 
5 0.0842926025390625 0.0162005950927734 0 17.4201782226563 17.5206714202881 0 0.0582409741164014 0.0160549666816283 0.92570405920197 
5.16666666666667 0.08386962890625 0.0162022064208984 0 17.4218994140625 17.5219712493897 0 0.0582457230652373 0.015974128356955 0.925780148577808 
5.33333333333333 0.0841415405273438 0.0162011993408203 0 17.4046875 17.5050302398682 0 0.0581918628071589 0.0160269321516948 0.925781205041146 
5.5 0.0842926025390625 0.0162006958007813 0 17.4201782226563 17.5206715209961 0 0.058240638972488 0.0160548742943624 0.92570448673315 
5.66666666666667 0.08386962890625 0.0162022064208984 0 17.4218994140625 17.5219712493897 0 0.0582457230652373 0.015974128356955 0.925780148577808 
5.83333333333333 0.0841415405273438 0.0162011993408203 0 17.4046875 17.5050302398682 0 0.0581918628071589 0.0160269321516948 0.925781205041146 
6 0.234478454589844 0.0156997741699219 1.52611083984375 17.08798828125 18.8642773498535 0.00548868174239863 0.0568806183074464 0.0444651972888891 0.893165502661266 
6.16666666666667 0.0840509033203125 0.01620029296875 0 17.6473754882812 17.7476266845703 0 0.0589595109805117 0.0159977918216896 0.925042697197799 
6.33333333333333 0.0841415405273438 0.0162001922607422 0 17.6508178710938 17.7511596038818 0 0.058969655497605 0.0160146748474724 0.925015669654923 
6.5 0.214749755859375 0.0157651336669922 0.1083251953125 18.4959228515625 18.8347629364014 0.000389762989711403 0.0615940159917462 0.0407416960421861 0.897274524976356 
6.66666666666667 0.0840509033203125 0.0162003936767578 0 17.6473754882812 17.7476267852783 0 0.0589591719378953 0.0159976998274871 0.925043128234618 
6.83333333333333 0.084111328125 0.0162000915527344 0 17.6508178710938 17.7511292907715 0 0.0589703336956084 0.0160091086307727 0.925020557673619 
7 0.084232177734375 0.0161997894287109 0 17.6473754882812 17.7478074554443 0 0.0589591719378953 0.0160322024151811 0.925008625646924 
7.16666666666667 0.0838394165039062 0.0162010986328125 0 17.6473754882812 17.747416003418 0 0.0589591719378953 0.0159574468085106 0.925083381253594 
7.33333333333333 0.084111328125 0.0162000915527344 0 17.6508178710938 17.7511292907715 0 0.0589703336956084 0.0160091086307727 0.925020557673619 
7.5 0.084232177734375 0.0161997894287109 0 17.6473754882812 17.7478074554443 0 0.0589591719378953 0.0160322024151811 0.925008625646924 
7.66666666666667 0.0838394165039062 0.0162009979248047 0 17.6473754882812 17.74741590271 0 0.0589595109805117 0.0159575385712396 0.925082950448249 
7.83333333333333 0.084111328125 0.0161999908447266 0 17.6508178710938 17.7511291900635 0 0.05897067280046 0.0160092006900518 0.925020126509488 
8 0.234478454589844 0.0156994720458984 1.52611083984375 16.9812744140625 18.757563180542 0.00549072651826039 0.0565464591118549 0.0444817625346753 0.893481051835209 
8.16666666666667 0.0840811157226563 0.01620029296875 0 17.6473754882812 17.7476568969727 0 0.0589591719378953 0.0160034502587694 0.925037377803335 
8.33333333333333 1.24423736572266 0.0123374359130859 1.55319213867188 26.4151245117188 29.2248914520264 0.00541630557962802 0.08525542741595 0.228779192498278 0.680549074506144 
8.5 0.0848666381835937 0.0161976745605469 0 17.6473754882812 17.7484398010254 0 0.0589591719378953 0.0161529614721104 0.924887866589994 
8.66666666666667 0.0838394165039062 0.0162010986328125 0 17.6473754882812 17.747416003418 0 0.0589591719378953 0.0159574468085106 0.925083381253594 
8.83333333333333 0.084111328125 0.0162000915527344 0 17.6508178710938 17.7511292907715 0 0.0589703336956084 0.0160091086307727 0.925020557673619 
9 0.084232177734375 0.0161997894287109 0 17.6473754882812 17.7478074554443 0 0.0589591719378953 0.0160322024151811 0.925008625646924 
9.16666666666667 0.0838394165039062 0.0162009979248047 0 17.6473754882812 17.74741590271 0 0.0589595109805117 0.0159575385712396 0.925082950448249 
9.33333333333333 0.084111328125 0.0161999908447266 0 17.6508178710938 17.7511291900635 0 0.05897067280046 0.0160092006900518 0.925020126509488 
9.5 0.084232177734375 0.0161997894287109 0 17.6473754882812 17.7478074554443 0 0.0589591719378953 0.0160322024151811 0.925008625646924 
9.66666666666667 0.0838394165039062 0.0162010986328125 0 17.6473754882812 17.747416003418 0 0.0589591719378953 0.0159574468085106 0.925083381253594 
9.83333333333333 0.0841415405273438 0.0161999908447266 0 17.6508178710938 17.7511594024658 0 0.0589703336956084 0.0160148590289878 0.925014807275404 
10 0.234478454589844 0.0156994720458984 1.52611083984375 16.9864379882813 18.7627267547607 0.00549063211045455 0.0565626808956952 0.0444809977131918 0.893465689280658 
10.1666666666667 0.0840811157226563 0.01620029296875 0 17.6473754882812 17.7476568969727 0 0.0589591719378953 0.0160034502587694 0.925037377803335 
10.3333333333333 0.0841415405273438 0.0162000915527344 0 17.6508178710938 17.7511595031738 0 0.0589699945946568 0.0160147669377005 0.925015238467643 
10.5 0.215656127929687 0.0157622131347656 0.543218994140625 23.5786010742188 24.3532384094238 0.00191905094207955 0.0770940728901695 0.0401706323300993 0.880816243837652 
10.6666666666667 0.084473876953125 0.0161989837646484 0 17.6473754882812 17.748048348999 0 0.0589591719378953 0.0160782058654399 0.924962622196665 
10.8333333333333 0.0843228149414063 0.0161995880126953 0 17.6508178710938 17.7513402740479 0 0.058969655497605 0.0160491768399625 0.924981167662433 
11 0.0844436645507813 0.0161991851806641 0 17.6473754882812 17.7480183380127 0 0.0589588328991783 0.0160723630111385 0.924968804089683 
11.1666666666667 0.0838998413085938 0.0162018035888672 0 17.6473754882812 17.7474771331787 0 0.058956120729807 0.0159681212588193 0.925075758011374 
11.3333333333333 0.0842019653320313 0.0162007965087891 0 17.6508178710938 17.7512206329346 0 0.0589669428615786 0.0160254382989 0.925007618839521 
11.5 0.08435302734375 0.0162001922607422 0 17.6473754882812 17.7479287078857 0 0.0589564597373324 0.0160544655795018 0.924989074683166 
11.6666666666667 0.0839300537109375 0.0162017028808594 0 17.6473754882812 17.747507244873 0 0.058956120729807 0.0159738713925099 0.925070007877683 
11.8333333333333 0.0842019653320313 0.0162007965087891 0 17.6508178710938 17.7512206329346 0 0.0589669428615786 0.0160254382989 0.925007618839521 
12 0.234599304199219 0.0156999755859375 1.5229248046875 17.2515014648437 19.0247255493164 0.00547411818598259 0.0573923499770957 0.0444628950984883 0.892670636738433 
12.1666666666667 0.08435302734375 0.01620029296875 0 17.6473754882812 17.7479288085937 0 0.058956120729807 0.0160543732641784 0.924989506006015 
12.3333333333333 0.0842019653320313 0.0162007965087891 0 17.6508178710938 17.7512206329346 0 0.0589669428615786 0.0160254382989 0.925007618839521 
12.5 0.0843832397460938 0.0162000915527344 0 17.6473754882812 17.7479588195801 0 0.0589564597373324 0.0160602157462566 0.924983324516411 
12.6666666666667 2.11565368652344 0.009434326171875 2.5934326171875 35.51162109375 40.2301417236328 0.00875428841831303 0.110945011453707 0.376552703182302 0.503747996945678 
12.8333333333333 1.33251800537109 0.0124497253417969 1.59461059570312 28.0640258789062 31.0036042053223 0.00540984581128772 0.0881194165365097 0.238362886620225 0.668107851031978 
13 0.802350769042969 0.0134037322998047 1.7778076171875 34.0623779296875 36.6559400482178 0.00618083939786661 0.109604669967545 0.147082931800308 0.73713155883428 
13.1666666666667 0.217499084472656 0.0157562713623047 0.571893310546875 24.3015014648438 25.1066501312256 0.00201535939640267 0.0792614465677138 0.0404138504030719 0.878309343632812 
13.3333333333333 0.0850177001953125 0.0161971710205078 0 17.6473754882812 17.7485903594971 0 0.0589591719378953 0.0161817136285221 0.924859114433582 
13.5 0.0845645141601563 0.0161989837646484 0 17.6508178710938 17.7515813690186 0 0.0589689773152008 0.0160949943934907 0.924936028291308 
13.6666666666667 0.0842926025390625 0.0161999908447266 0 17.6473754882812 17.747868081665 0 0.0589578158064219 0.0160433342533812 0.924998849940197 
13.8333333333333 0.0846551513671875 0.0161984802246094 0 17.6473754882812 17.748229119873 0 0.0589588328991783 0.0161126157986441 0.924928551302178 
14 0.234659729003906 0.0156989685058594 1.52133178710938 17.122412109375 18.8941025939941 0.00547102362565595 0.0569903068356287 0.0444957492151516 0.893042920323564 
14.1666666666667 0.0844436645507813 0.0161990844726562 0 17.6473754882812 17.7480182373047 0 0.0589591719378953 0.0160724554341576 0.924968372627947 
14.3333333333333 0.0845343017578125 0.0161988830566406 0 17.6508178710938 17.7515510559082 0 0.058969655497605 0.0160894291645343 0.924940915337861 
14.5 0.0846551513671875 0.0161983795166016 0 17.6473754882812 17.748229019165 0 0.0589591719378953 0.016112708453134 0.924928119608971 
14.6666666666667 0.0842019653320313 0.0161997894287109 0 17.6473754882812 17.747777243042 0 0.0589595109805117 0.0160265441434396 0.925013944876049 
14.8333333333333 0.0845645141601563 0.0161987823486328 0 17.6508178710938 17.7515811676025 0 0.058969655497605 0.0160951794966159 0.924935165005779 
15 2.23825561523438 0.00902786865234375 2.3003173828125 26.6354370117188 31.183037878418 0.00799349006626182 0.0856643066311646 0.410103682873228 0.496238520429346 
15.1666666666667 0.0849270629882812 0.0161987823486328 0 17.4218994140625 17.5230252593994 0 0.0582453878997825 0.0161754381926782 0.925579173907539 
15.3333333333333 0.0845947265625 0.0161998901367187 0 17.4046875 17.5054821166992 0 0.0581911930575697 0.016113067697903 0.925695739244527 
15.5 0.0846853637695313 0.0161994873046875 0 17.4201782226563 17.5210630737305 0 0.0582403038324318 0.0161295891356888 0.925630107031879 
15.6666666666667 0.0845645141601563 0.0161999908447266 0 17.4218994140625 17.5226639190674 0 0.0582453878997825 0.016106386161973 0.925648225938244 
15.8333333333333 0.08483642578125 0.0161990844726562 0 17.4046875 17.5057230102539 0 0.0581911930575697 0.0161591050341827 0.925649701908248 
16 0.230883178710937 0.0157127655029297 1.46716918945312 16.640478515625 18.354243649292 0.00528538799683221 0.0554822270937826 0.0438555212505882 0.895376863658797 
16.1666666666667 0.0846853637695313 0.0161996887207031 0 17.2979736328125 17.3988586853027 0 0.0578547127124937 0.0161359959933453 0.926009291294161 
16.3333333333333 0.0848666381835937 0.0161990844726562 0 17.3117431640625 17.4128088867188 0 0.0578980998048573 0.0161697914448045 0.925932108750338 
16.5 0.0848666381835937 0.0161990844726562 0 17.29453125 17.3955969726563 0 0.0578438653149808 0.0161707222999384 0.925985412385081 
16.6666666666667 0.0844436645507813 0.0162003936767578 0 17.3117431640625 17.41238722229 0 0.0578984330927135 0.0160892941433818 0.926012272763905 
16.8333333333333 0.0848666381835937 0.0161990844726562 0 17.3117431640625 17.4128088867188 0 0.0578980998048573 0.0161697914448045 0.925932108750338 
17 0.08483642578125 0.0161991851806641 0 17.2962524414063 17.3972880523682 0 0.05784928904496 0.0161648724886305 0.92598583846641 
17.1666666666667 0.0844436645507813 0.0162004943847656 0 17.3117431640625 17.412387322998 0 0.0578980998048573 0.0160892015266033 0.926012698668539 
17.3333333333333 0.217196960449219 0.0157574798583984 0.54481201171875 23.4202514648438 24.1980179168701 0.0019256214633597 0.0766138340699868 0.0404774640353594 0.880983080431294 
17.5 0.08531982421875 0.0161962646484375 0 17.6473754882812 17.7488915771484 0 0.0589588328991783 0.0162391245593757 0.924802042541446 
17.6666666666667 0.0844436645507813 0.0161989837646484 0 17.6473754882812 17.7480181365967 0 0.0589595109805117 0.0160725478582396 0.924967941161249 
17.8333333333333 0.0847760009765625 0.0161980773925781 0 17.6508178710938 17.7517919494629 0 0.058969655497605 0.0161354318211877 0.924894912681207 
18 0.235143127441406 0.0156973571777344 1.5229248046875 17.2549438476562 19.0287091369629 0.00547430626338514 0.0574057743623808 0.0445674954476219 0.892552423926612 
18.1666666666667 0.0848968505859375 0.0161975738525391 0 17.6473754882812 17.7484699127197 0 0.0589591719378953 0.0161587119033928 0.924882116158712 
18.3333333333333 0.0847760009765625 0.0161980773925781 0 17.6508178710938 17.7517919494629 0 0.058969655497605 0.0161354318211877 0.924894912681207 
18.5 0.0849270629882812 0.0161975738525391 0 17.6473754882812 17.7485001251221 0 0.0589588328991783 0.0161643693825797 0.924876797718242 
18.6666666666667 0.084473876953125 0.0161989837646484 0 17.6473754882812 17.748048348999 0 0.0589591719378953 0.0160782058654399 0.924962622196665 
18.8333333333333 0.0847760009765625 0.0161980773925781 0 17.6508178710938 17.7517919494629 0 0.058969655497605 0.0161354318211877 0.924894912681207 
19 0.0849270629882812 0.0161975738525391 0 17.6473754882812 17.7485001251221 0 0.0589588328991783 0.0161643693825797 0.924876797718242 
19.1666666666667 0.084473876953125 0.0161989837646484 0 17.6473754882812 17.748048348999 0 0.0589591719378953 0.0160782058654399 0.924962622196665 
19.3333333333333 0.0847760009765625 0.0161980773925781 0 17.6508178710938 17.7517919494629 0 0.058969655497605 0.0161354318211877 0.924894912681207 
19.5 1.77349822998047 0.0105761535644531 2.49625854492187 32.6217407226563 36.9020736511231 0.00850525675888384 0.102871813242582 0.318613322912087 0.570009607086448 
19.6666666666667 0.0852896118164062 0.0161962646484375 0 17.6473754882812 17.7488613647461 0 0.0589591719378953 0.0162334675100633 0.924807360552041 
19.8333333333333 0.0847457885742188 0.0161979766845703 0 17.6508178710938 17.7517616363525 0 0.0589703336956084 0.0161298669932893 0.924899799311102 
20 0.235112915039063 0.0156974578857422 1.52611083984375 16.9812744140625 18.7581956268311 0.00549069504863105 0.0565461350206617 0.0446018672948297 0.893361302635878 
20.1666666666667 0.0846853637695313 0.0161982788085938 0 17.6473754882812 17.7482591308594 0 0.0589591719378953 0.0161184588844163 0.924922369177688 
20.3333333333333 0.0847760009765625 0.0161980773925781 0 17.6508178710938 17.7517919494629 0 0.058969655497605 0.0161354318211877 0.924894912681207 
20.5 0.0848968505859375 0.0161975738525391 0 17.6473754882812 17.7484699127197 0 0.0589591719378953 0.0161587119033928 0.924882116158712 
20.6666666666667 0.084473876953125 0.0161989837646484 0 17.6473754882812 17.748048348999 0 0.0589591719378953 0.0160782058654399 0.924962622196665 
20.8333333333333 0.0847760009765625 0.0161980773925781 0 17.6508178710938 17.7517919494629 0 0.058969655497605 0.0161354318211877 0.924894912681207 
21 0.0848968505859375 0.0161975738525391 0 17.6473754882812 17.7484699127197 0 0.0589591719378953 0.0161587119033928 0.924882116158712 
21.1666666666667 0.084473876953125 0.0161989837646484 0 17.6473754882812 17.748048348999 0 0.0589591719378953 0.0160782058654399 0.924962622196665 
21.3333333333333 0.0847760009765625 0.0161980773925781 0 17.6508178710938 17.7517919494629 0 0.058969655497605 0.0161354318211877 0.924894912681207 
21.5 0.0849270629882812 0.0161975738525391 0 17.6473754882812 17.7485001251221 0 0.0589588328991783 0.0161643693825797 0.924876797718242 
21.6666666666667 0.734765625 0.0140342651367188 1.03386840820312 24.4908325195313 26.2735008178711 0.0036347547520638 0.0796901777613495 0.136205293636659 0.780469773849928 
21.8333333333333 0.0853802490234375 0.0161970703125 0 17.4046875 17.5062648193359 0 0.0581918628071589 0.0162628762156874 0.925545260977154 
22 0.235112915039063 0.0156976593017578 1.52611083984375 17.08798828125 18.8649096954346 0.00548868174239863 0.0568806183074464 0.0445855128594428 0.893045187090712 
22.1666666666667 0.0846853637695313 0.0161982788085938 0 17.6473754882812 17.7482591308594 0 0.0589591719378953 0.0161184588844163 0.924922369177688 
22.3333333333333 0.0847760009765625 0.0161980773925781 0 17.6508178710938 17.7517919494629 0 0.058969655497605 0.0161354318211877 0.924894912681207 
22.5 0.0849270629882812 0.0161975738525391 0 17.6473754882812 17.7485001251221 0 0.0589588328991783 0.0161643693825797 0.924876797718242 
22.6666666666667 0.084473876953125 0.0161989837646484 0 17.6473754882812 17.748048348999 0 0.0589591719378953 0.0160782058654399 0.924962622196665 
22.8333333333333 0.0847760009765625 0.0161980773925781 0 17.6508178710938 17.7517919494629 0 0.058969655497605 0.0161354318211877 0.924894912681207 
23 0.0849270629882812 0.0161975738525391 0 17.6473754882812 17.7485001251221 0 0.0589588328991783 0.0161643693825797 0.924876797718242 
23.1666666666667 0.084473876953125 0.0161989837646484 0 17.6473754882812 17.748048348999 0 0.0589591719378953 0.0160782058654399 0.924962622196665 
23.3333333333333 0.0847760009765625 0.0161980773925781 0 17.6508178710938 17.7517919494629 0 0.058969655497605 0.0161354318211877 0.924894912681207 
23.5 0.0848666381835937 0.0161981781005859 0 17.6473754882812 17.7484403045654 0 0.0589574767833012 0.0161524970529887 0.92489002616371 
23.6666666666667 0.08435302734375 0.01620029296875 0 17.6473754882812 17.7479288085937 0 0.058956120729807 0.0160543732641784 0.924989506006015 
23.8333333333333 0.10175537109375 0.01614228515625 0.089208984375 18.2067626953125 18.4138693359375 0.000321303574502266 0.060691950197946 0.0193241149807792 0.919662631246773 
24 0.452400512695313 0.0149738708496094 2.17446899414062 23.0329833984375 25.674826776123 0.00765104508231179 0.0750082676128179 0.0839316842948987 0.833409003009972 
24.1666666666667 0.0852896118164062 0.0161962646484375 0 17.6473754882812 17.7488613647461 0 0.0589591719378953 0.0162334675100633 0.924807360552041 
24.3333333333333 0.0847760009765625 0.0161980773925781 0 17.6508178710938 17.7517919494629 0 0.058969655497605 0.0161354318211877 0.924894912681207 
24.5 0.0849270629882812 0.0161975738525391 0 17.6473754882812 17.7485001251221 0 0.0589588328991783 0.0161643693825797 0.924876797718242 
24.6666666666667 0.084473876953125 0.0161989837646484 0 17.6473754882812 17.748048348999 0 0.0589591719378953 0.0160782058654399 0.924962622196665 
24.8333333333333 0.0847760009765625 0.0161980773925781 0 17.6508178710938 17.7517919494629 0 0.058969655497605 0.0161354318211877 0.924894912681207 
25 0.0849270629882812 0.0161975738525391 0 17.6473754882812 17.7485001251221 0 0.0589588328991783 0.0161643693825797 0.924876797718242 
25.1666666666667 0.084473876953125 0.0161989837646484 0 17.6473754882812 17.748048348999 0 0.0589591719378953 0.0160782058654399 0.924962622196665 
25.3333333333333 0.0847760009765625 0.0161980773925781 0 17.6508178710938 17.7517919494629 0 0.058969655497605 0.0161354318211877 0.924894912681207 
25.5 0.0849270629882812 0.0161975738525391 0 17.6473754882812 17.7485001251221 0 0.0589588328991783 0.0161643693825797 0.924876797718242 
25.6666666666667 0.084473876953125 0.0161989837646484 0 17.6473754882812 17.748048348999 0 0.0589591719378953 0.0160782058654399 0.924962622196665 
25.8333333333333 0.0847760009765625 0.0161980773925781 0 17.6508178710938 17.7517919494629 0 0.058969655497605 0.0161354318211877 0.924894912681207 
26 0.235112915039063 0.0156973571777344 1.5229248046875 17.2549438476562 19.0286789245605 0.00547433761087538 0.0574061030847549 0.0445620243596571 0.892557534944713 
26.1666666666667 1.99287048339844 0.0100166198730469 1.8415283203125 24.6388549804688 28.4832704040527 0.00639044749716686 0.0791343044307471 0.364642472152354 0.549832775919732 
26.3333333333333 2.62748199462891 0.00783971557617187 2.42297973632812 26.39619140625 31.4544928527832 0.00837232344360654 0.0844167996917488 0.478708647547751 0.428502229316893 
26.5 0.33910400390625 0.0150724639892578 0.320196533203125 19.8849243164062 20.5592973175049 0.00116425224306807 0.0669184386276884 0.0650127720208755 0.866904537108368 
26.6666666666667 0.0853500366210938 0.0161970703125 0 17.4236206054687 17.5251677124023 0 0.0582518126366671 0.0162561859822764 0.925492001381056 
26.8333333333333 0.0851385498046875 0.0161977752685547 0 17.4236206054687 17.524956930542 0 0.0582518126366671 0.0162159051674531 0.92553228219588 
27 0.0850479125976563 0.0161982788085938 0 17.4064086914062 17.5076548828125 0 0.0581969477246047 0.0161993877034275 0.925603664571968 
27.1666666666667 0.084715576171875 0.0161991851806641 0 17.4236206054687 17.5245353668213 0 0.0582518126366671 0.0161353435378064 0.925612843825527 
27.3333333333333 0.0851083374023437 0.0161977752685547 0 17.4236206054687 17.5249267181396 0 0.05825214784295 0.0162102440455981 0.925537608111452 
27.5 0.0850479125976563 0.0161982788085938 0 17.4064086914062 17.5076548828125 0 0.0581969477246047 0.0161993877034275 0.925603664571968 
27.6666666666667 0.084715576171875 0.0161991851806641 0 17.4236206054687 17.5245353668213 0 0.0582518126366671 0.0161353435378064 0.925612843825527 
27.8333333333333 0.0851385498046875 0.0161977752685547 0 17.4236206054687 17.524956930542 0 0.0582518126366671 0.0162159051674531 0.92553228219588 
28 0.235203552246094 0.01569755859375 1.52133178710938 16.9743896484375 18.7466225463867 0.00547359491958687 0.0565241812533673 0.0446198287423914 0.893382395084654 
28.1666666666667 0.0848968505859375 0.0161975738525391 0 17.6473754882812 17.7484699127197 0 0.0589591719378953 0.0161587119033928 0.924882116158712 
28.3333333333333 0.458896179199219 0.0149536285400391 0.868194580078125 25.7111572265625 27.0532016143799 0.00304202459295478 0.0833793823294652 0.0847803881511747 0.828798204926405 oE-wB-
28.5 1.61899200439453 0.0110894622802734 1.44805297851562 22.4322875976563 25.5104220428467 0.00511697552408187 0.0733658327891739 0.301653869536826 0.619863322149918 
28.6666666666667 1.36623504638672 0.0119311798095703 1.29671630859375 23.8746459960938 26.5495285308838 0.0045633174308635 0.0777613956799847 0.253510783219998 0.664164503669154 
28.8333333333333 0.0842019653320313 0.0162010986328125 0 17.6559814453125 17.7563845092773 0 0.058982158155902 0.0160248854338564 0.924992956410242 
29 0.08386962890625 0.0162018035888672 0 17.6559814453125 17.7560528778076 0 0.0589835147458787 0.015962003990501 0.92505448126362 
29.1666666666667 0.0835675048828125 0.0162027099609375 0 17.659423828125 17.7591940429688 0 0.0589946755292846 0.0159044125257311 0.925100911944984 
29.3333333333333 0.0843228149414063 0.0161997894287109 0 17.6559814453125 17.7565040496826 0 0.0589852105711066 0.016048715412747 0.924966074016147 
29.5 0.0839300537109375 0.0162014007568359 0 17.6559814453125 17.7561128997803 0 0.0589841930642685 0.0159736876908304 0.925042119244901 
29.6666666666667 0.0833560180664062 0.0162039184570313 0 17.659423828125 17.7589837646484 0 0.0589929794904525 0.0158637066680466 0.925143313841501 
29.8333333333333 0.0842623901367188 0.0162000915527344 0 17.6559814453125 17.756443927002 0 0.05898487139826 0.0160371228631066 0.924978005738633 
30 0.233995056152344 0.0157009826660156 1.52611083984375 17.067333984375 18.8431408630371 0.00548918493052571 0.0568170749176336 0.0443775963329036 0.893316143818937 
30.1666666666667 0.0841717529296875 0.0161993865966797 0 17.6473754882812 17.7477466278076 0 0.0589612062520846 0.0160212543273488 0.925017539420567 
30.3333333333333 0.08386962890625 0.0162007965087891 0 17.6508178710938 17.7508882965088 0 0.05897067280046 0.015963197239793 0.925066129959747 
30.5 0.466842041015625 0.0149259338378906 0.689776611328125 23.1706787109375 24.3422232971191 0.00243865350281881 0.0758179063624639 0.0870255748858113 0.834717865248906 
30.6666666666667 0.0842623901367188 0.0162003936767578 0 17.4218994140625 17.522362197876 0 0.0582473989503729 0.0160493969247767 0.92570320412485 
30.8333333333333 0.0837185668945312 0.0162024078369141 0 17.4046875 17.5046084747314 0 0.0581925325721652 0.0159465494222181 0.925860918005617 
31 0.0840509033203125 0.0162011993408203 0 17.4201782226563 17.5204303253174 0 0.0582416444157996 0.016009115182764 0.925749240401436 
31.1666666666667 0.0835977172851562 0.0162027099609375 0 17.4218994140625 17.5216998413086 0 0.0582470637656307 0.0159227055364059 0.925830230697963 
31.3333333333333 0.0835372924804688 0.0162027099609375 0 17.4046875 17.5044275024414 0 0.0581935372485829 0.0159122953414094 0.925894167410008 
31.5 0.0840509033203125 0.0162011993408203 0 17.4201782226563 17.5204303253174 0 0.0582416444157996 0.016009115182764 0.925749240401436 
31.6666666666667 0.084111328125 0.0162008972167969 0 17.4218994140625 17.5222116394043 0 0.0582473989503729 0.0160206242519105 0.925731976797717 
31.8333333333333 0.0839300537109375 0.0162011993408203 0 17.4046875 17.5048187530518 0 0.0581942070521342 0.0159872930370677 0.925818499910798 
32 0.234115905761719 0.0157005798339844 1.52611083984375 17.0845458984375 18.860473223877 0.00548887042713496 0.0568711146761395 0.0443979717535165 0.893242043143209 
32.1666666666667 0.0837789916992187 0.0162008972167969 0 17.6473754882812 17.7473553771973 0 0.0589605281317569 0.0159463127386484 0.925093159129595 
32.3333333333333 1.22967498779297 0.0123855743408203 1.5101806640625 26.4151245117188 29.167365737915 0.00526722265127986 0.0852701118451392 0.226140537056689 0.683322128446892 
32.5 0.08435302734375 0.0161998901367187 0 17.6473754882812 17.7479284057617 0 0.0589574767833012 0.0160547425318421 0.924987780684857 
32.6666666666667 0.0834466552734375 0.0162028106689453 0 17.6473754882812 17.7470249542236 0 0.0589578158064219 0.0158823258809458 0.925159858312632 
32.8333333333333 0.0842623901367188 0.0161996887207031 0 17.6508178710938 17.7512799499512 0 0.0589699945946568 0.0160377683982933 0.92499223700705 
33 0.0837185668945312 0.0162020050048828 0 17.6473754882812 17.7472960601807 0 0.0589574767833012 0.0159339869468963 0.925108536269802 
33.1666666666667 0.0836581420898438 0.0162022064208984 0 17.6473754882812 17.747235836792 0 0.0589574767833012 0.0159224864149967 0.925120036801702 
33.3333333333333 0.0836883544921875 0.0162018035888672 0 17.6508178710938 17.7507080291748 0 0.058969316404453 0.0159283282730702 0.925102355322477 
33.5 0.0841717529296875 0.0161998901367187 0 17.6473754882812 17.7477471313477 0 0.0589595109805117 0.0160207936790896 0.925019695340399 
33.6666666666667 0.0838998413085938 0.0162013000488281 0 17.6473754882812 17.7474766296387 0 0.0589578158064219 0.015968580366179 0.925073603827399 
33.8333333333333 0.0840206909179688 0.0162006958007813 0 17.6508178710938 17.7510392578125 0 0.058969316404453 0.0159915815622412 0.925039102033306 
34 0.229040222167969 0.0157167938232422 1.47035522460937 16.7041625976562 18.4192748382568 0.00529631839882483 0.0556888082996695 0.0435009640102828 0.895513909291223 
34.1666666666667 1.50705505371094 0.011461376953125 2.49625854492187 36.4513916015625 40.4661665771484 0.00840507415453107 0.113594550379489 0.267557057419476 0.610443318046504 oB-
34.3333333333333 1.86325927734375 0.0102756408691406 4.17529907226562 55.7493896484375 61.798223638916 0.0131896113568542 0.1629956168823 0.310350901030108 0.513463870730738 
34.5 1.22157806396484 0.0124125640869141 1.78577270507812 28.144921875 31.1646852081299 0.00618793435600771 0.0902632494107386 0.223190677802373 0.680358138430881 
34.6666666666667 1.10408203125 0.0128035125732422 1.38433227539062 23.2395263671875 25.7407441864014 0.00488065150238697 0.0758326312833474 0.205245717495086 0.71404099971918 
34.8333333333333 1.20798248291016 0.0124572784423828 2.6953857421875 36.1364135742188 40.0522390777588 0.00907886052788315 0.112654064292498 0.214539054660965 0.663728020518654 
35 0.850841674804688 0.0136472442626953 1.47354125976562 25.7851684570312 28.1231986358643 0.00515087899053909 0.0834219655754228 0.156820599061148 0.75460655637289 
35.1666666666667 0.784767150878906 0.0138674926757812 1.63284301757812 27.3445678710938 29.7760455322266 0.00567593459108352 0.0879742174132136 0.1438364887838 0.762513359211903 
35.3333333333333 1.05305328369141 0.0129737091064453 1.46079711914062 25.6905029296875 28.217327041626 0.00510798059301594 0.0831425499796683 0.194153395386664 0.717596074040652 
35.5 1.28088500976563 0.0122139678955078 1.97852783203125 31.3119140625 34.5835408721924 0.00678277110605043 0.099349574848043 0.231531693890591 0.662335960155316 
35.6666666666667 1.05637664794922 0.0129626312255859 1.75550537109375 27.1776123046875 30.0024569549561 0.00610282878851649 0.0874443435305585 0.193634672042177 0.712818155638748 
35.8333333333333 1.07148284912109 0.0129117736816406 1.312646484375 24.7954833984375 27.1925245056152 0.0046057963723764 0.0805231826947262 0.198233699449428 0.716637321483469 
36 1.05873321533203 0.0129549774169922 2.99805908203125 25.6078857421875 29.6776330169678 0.0104299442480132 0.0824530874186719 0.194206448609525 0.712910519723789 
36.1666666666667 1.57805419921875 0.0112263244628906 2.31465454101562 34.3171142578125 38.2210493225098 0.00784993814054253 0.107716494594726 0.282187177533942 0.60224638973079 
36.3333333333333 1.62436981201172 0.0110692199707031 2.46280517578125 34.3721923828125 38.4704365905762 0.00834795755824941 0.107832284888901 0.290315613272497 0.593504144280353 
36.5 1.6358203125 0.0113744659423828 3.57951049804687 48.4842407226563 53.7109459991455 0.0113769271664008 0.142624237361079 0.274139895192527 0.571858940279993 
36.6666666666667 1.76050689697266 0.0102752380371094 1.937109375 27.9555908203125 31.6634823303223 0.00684072255131948 0.0913709010514236 0.327808999825607 0.57397937657165 
36.8333333333333 3.11943054199219 0.006253564453125 3.90767211914062 45.8370483398438 52.8704045654297 0.0126163657871728 0.136969603456257 0.531039448644756 0.319374582111814 
37 1.68757415771484 0.0106983123779297 1.97693481445312 27.6784790039062 31.3536862884521 0.0069171172175464 0.0896326849116549 0.311337160693384 0.592113037177415 
37.1666666666667 1.38946838378906 0.0118518218994141 2.34970092773437 34.05205078125 37.8030719146729 0.00797581840007787 0.106978705916705 0.248683314047174 0.636362161636043 
37.3333333333333 2.12511016845703 0.00940381164550781 3.53490600585937 47.553076171875 53.2224961578369 0.0114639678037641 0.142733890257952 0.363390730666501 0.482411411271782 oE-
37.5 2.65899353027344 0.00762752380371094 2.42138671875 24.1758544921875 29.2638622650146 0.00847670300867189 0.0783314279340825 0.490812257758693 0.422379611298553 
37.6666666666667 0.112027587890625 0.0161074401855469 0.135406494140625 18.3599487304688 18.6234902526855 0.000487379731883809 0.0611632894118187 0.0212612240685313 0.917088106787766 
37.8333333333333 0.0843228149414063 0.0161995880126953 0 17.6473754882812 17.7478978912354 0 0.0589588328991783 0.0160493614182782 0.924991805682543 
38 0.233904418945312 0.0157004791259766 1.52133178710938 17.1654418945312 18.9363785797119 0.00547055352836382 0.0571286181553637 0.0443487177137096 0.893052110602563 
38.1666666666667 0.0833560180664062 0.0162021057128906 0 17.6473754882812 17.7469336120605 0 0.0589612062520846 0.0158659873256122 0.925172806422303 
38.3333333333333 0.0840206909179688 0.0161989837646484 0 17.6508178710938 17.7510375457764 0 0.0589750815184574 0.0159931449734598 0.925031773508083 
38.5 0.0838092041015625 0.0162004943847656 0 17.6473754882812 17.7473851867676 0 0.0589615453180979 0.0159523385070129 0.925086116174889 
38.6666666666667 0.0832955932617188 0.0162022064208984 0 17.6473754882812 17.7468732879639 0 0.0589615453180979 0.0158545772400269 0.925183877441875 
38.8333333333333 0.0836279296875 0.0162007965087891 0 17.6508178710938 17.75064659729 0 0.0589733857796793 0.0159179260690544 0.925108688151266 
39 0.0835977172851562 0.0162014007568359 0 17.6473754882812 17.7471746063232 0 0.058960867189971 0.0159119008597142 0.925127231950315 
39.1666666666667 0.083507080078125 0.0162009979248047 0 17.6473754882812 17.7470835662842 0 0.0589632407066618 0.0158952889216047 0.925141470371734 
39.3333333333333 0.4577783203125 0.0150085144042969 0.97174072265625 27.2120361328125 28.6565636901855 0.00337759271768862 0.0875405587977985 0.0838971882924885 0.825184660192024 
39.5 1.63023101806641 0.0109990264892578 2.51856079101562 36.6544921875 40.8142830230713 0.00849757864694469 0.114462008137466 0.290019510569569 0.58702090264602 
39.6666666666667 0.08435302734375 0.0162004943847656 0 17.659423828125 17.7599773498535 0 0.0589933186904173 0.0160535424740395 0.924953138835543 
39.8333333333333 0.0838394165039062 0.0162022064208984 0 17.6559814453125 17.7560230682373 0 0.0589824972975459 0.0159559787483613 0.925061523954093 
40 0.23420654296875 0.0156993713378906 1.52451782226562 17.0638916015625 18.8383153381348 0.0054838321500404 0.05680952135371 0.0444207594849667 0.893285887011283 
40.1666666666667 0.0838092041015625 0.0161999908447266 0 17.6473754882812 17.7473846832275 0 0.0589632407066618 0.0159527972027972 0.925083962090541 
40.3333333333333 0.0837185668945312 0.0162004943847656 0 17.6508178710938 17.750736932373 0 0.0589733857796793 0.0159351781565569 0.925091436063764 
40.5 0.083990478515625 0.0161995880126953 0 17.6473754882812 17.7475655548096 0 0.0589625625395365 0.0159871182931738 0.92505031916729 
40.6666666666667 0.0832955932617188 0.0162022064208984 0 17.6473754882812 17.7468732879639 0 0.0589615453180979 0.0158545772400269 0.925183877441875 
40.8333333333333 0.0834466552734375 0.0162020050048828 0 17.6508178710938 17.7504665313721 0 0.0589713510218634 0.0158828738685896 0.925145775109547 
41 0.0840206909179688 0.0161992858886719 0 17.6473754882812 17.7475954650879 0 0.0589632407066618 0.0159930529996319 0.925043706293706 
41.1666666666667 0.0836279296875 0.0162003936767578 0 17.6473754882812 17.7472038116455 0 0.0589639188893873 0.0159184753229127 0.9251176057877 
41.3333333333333 0.21076171875 0.0157788299560547 0.412591552734375 21.5183349609375 22.1574670623779 0.00146812080536913 0.0708665880645746 0.0395428986033013 0.888122392526755 
41.5 0.0846249389648438 0.0161990844726562 0 17.260107421875 17.3609314453125 0 0.057738036975835 0.0161272678070716 0.926134695217093 
41.6666666666667 0.083748779296875 0.0162023071289063 0 17.301416015625 17.4013671020508 0 0.0578672254588159 0.0159578142630161 0.926174960278168 
41.8333333333333 0.08386962890625 0.0162011993408203 0 17.3186279296875 17.4186987579346 0 0.0579237929664788 0.0159805654218789 0.926095641611642 
42 0.2286474609375 0.0157198150634766 1.465576171875 16.6146606445312 18.3246040924072 0.0052802552888644 0.0554025046776175 0.0434358391588324 0.895881400874686 
42.1666666666667 0.0841415405273438 0.0162009979248047 0 17.2842041015625 17.3845466400147 0 0.0578129857568884 0.0160335755161257 0.926153438726986 
42.3333333333333 0.0838394165039062 0.0162015014648438 0 17.3134643554688 17.4135052734375 0 0.0579068562546773 0.0159749006965632 0.926118243048759 
42.5 0.0839300537109375 0.0162009979248047 0 17.3048583984375 17.4049894500732 0 0.0578804050592103 0.015992815322706 0.926126779618084 
42.6666666666667 0.0834466552734375 0.0162023071289063 0 17.3272338867188 17.4268828491211 0 0.0579519091835384 0.015899788731989 0.926148302084473 
42.8333333333333 0.0838394165039062 0.0162016021728516 0 17.3134643554688 17.4135053741455 0 0.0579065229029825 0.0159748087340468 0.926118668362971 
43 0.0842019653320313 0.0162003936767578 0 17.2893676757812 17.38977003479 0 0.0578305900504902 0.0160451821274979 0.926124227822012 
43.1666666666667 0.0831747436523438 0.0162041198730469 0 17.3169067382813 17.4162856018066 0 0.0579163692463561 0.0158477054502752 0.926235925303369 
43.3333333333333 0.0843228149414063 0.0161999908447266 0 17.2979736328125 17.3984964385986 0 0.0578577103314873 0.0160677482124558 0.926074541456057 
43.5 1.31224548339844 0.0121112457275391 2.55201416015625 37.1243774414063 41.0007483306885 0.00857298813053204 0.115424956921002 0.232433936617683 0.643568118330783 wE-oB-
43.6666666666667 2.42267211914062 0.00841445617675781 4.08131103515625 46.5599487304688 53.0723463409424 0.0132503077257259 0.139904010260972 0.414721184976778 0.432124497036524 
43.8333333333333 2.16387268066406 0.00927661743164063 3.32303466796875 39.6063354492187 45.1025194152832 0.0110467979643389 0.121858997103261 0.379287518601092 0.487806686331309 
44 0.230671691894531 0.0157134704589844 1.46876220703125 16.8487426757813 18.563890045166 0.0052874248749828 0.0561373124741937 0.0437846951415332 0.89479056750929 
44.1666666666667 0.0848968505859375 0.0161989837646484 0 17.2859252929687 17.3870211273193 0 0.0578167457283655 0.0161769446875144 0.92600630958412 
44.3333333333333 0.085078125 0.0161983795166016 0 17.2996948242188 17.4009713287354 0 0.0578601363175831 0.0162107396149949 0.925929124067422 
44.5 0.085078125 0.0161983795166016 0 17.2824829101563 17.3837594146729 0 0.0578058974565635 0.0162116728650217 0.925982429678415 
44.6666666666667 0.0846853637695313 0.0161996887207031 0 17.2979736328125 17.3988586853027 0 0.0578547127124937 0.0161359959933453 0.926009291294161 
44.8333333333333 0.085078125 0.0161983795166016 0 17.2996948242188 17.4009713287354 0 0.0578601363175831 0.0162107396149949 0.925929124067422 
45 0.085078125 0.0161983795166016 0 17.2824829101563 17.3837594146729 0 0.0578058974565635 0.0162116728650217 0.925982429678415 
45.1666666666667 0.0846853637695313 0.0161996887207031 0 17.2979736328125 17.3988586853027 0 0.0578547127124937 0.0161359959933453 0.926009291294161 
45.3333333333333 0.085078125 0.0161983795166016 0 17.2996948242188 17.4009713287354 0 0.0578601363175831 0.0162107396149949 0.925929124067422 
45.5 0.085078125 0.0161983795166016 0 17.2824829101563 17.3837594146729 0 0.0578058974565635 0.0162116728650217 0.925982429678415 
45.6666666666667 0.0846551513671875 0.0161996887207031 0 17.2979736328125 17.3988284729004 0 0.0578550457659317 0.0161303321628001 0.926014622071268 
45.8333333333333 0.084957275390625 0.0161983795166016 0 17.2996948242188 17.400850479126 0 0.0578614686715638 0.0161880857531029 0.925950445575333 
46 0.22985595703125 0.0157161895751953 1.465576171875 16.59228515625 18.3034334747314 0.00528052805280528 0.055330750466351 0.0436676711149376 0.895721050365906 
46.1666666666667 0.709477844238281 0.0141187591552734 1.48309936523437 31.539111328125 33.7458072967529 0.00508929498778241 0.100167821005505 0.128369403005472 0.766373481001241 
46.3333333333333 1.59385528564453 0.0111730499267578 1.93233032226562 27.3617797851563 30.8991384429932 0.00670869974005862 0.0879210220673635 0.291770366683259 0.613599911509319 
46.5 0.0859542846679688 0.0161917327880859 0 17.6473754882812 17.7495215057373 0 0.05896697090472 0.0163621410537334 0.924670888041547 
46.6666666666667 0.125985717773438 0.0160604095458984 0.122662353515625 18.375439453125 18.64014793396 0.000441518824757165 0.0612162983520453 0.0239108246654205 0.914431358157777 
46.8333333333333 0.0851687622070313 0.0161965667724609 0 17.6508178710938 17.7521832000732 0 0.0589703336956084 0.0162103725683004 0.924819293736091 
47 0.085078125 0.0161969696044922 0 17.6473754882812 17.7486505828857 0 0.0589591719378953 0.0161932144910868 0.924847613571018 
47.1666666666667 0.0846853637695313 0.0161982788085938 0 17.6473754882812 17.7482591308594 0 0.0589591719378953 0.0161184588844163 0.924922369177688 
47.3333333333333 0.084957275390625 0.0161972717285156 0 17.6508178710938 17.7519724182129 0 0.0589703336956084 0.0161701197807948 0.924859546523597 
47.5 0.085078125 0.0161969696044922 0 17.6473754882812 17.7486505828857 0 0.0589591719378953 0.0161932144910868 0.924847613571018 
47.6666666666667 0.0846853637695313 0.0161982788085938 0 17.6473754882812 17.7482591308594 0 0.0589591719378953 0.0161184588844163 0.924922369177688 
47.8333333333333 0.084957275390625 0.0161972717285156 0 17.6508178710938 17.7519724182129 0 0.0589703336956084 0.0161701197807948 0.924859546523597 
48 0.235324401855469 0.0156967529296875 1.52611083984375 16.9812744140625 18.7584064086914 0.00549069504863105 0.0565461350206617 0.0446419871960201 0.893321182734687 
48.1666666666667 0.0848968505859375 0.0161975738525391 0 17.6473754882812 17.7484699127197 0 0.0589591719378953 0.0161587119033928 0.924882116158712 
48.3333333333333 0.463095703125 0.0149387237548828 0.753497314453125 23.7954711914062 25.0270029327393 0.00265785584643999 0.0776846872664543 0.0861302630322033 0.833527193854902 
48.5 0.0857427978515625 0.0161948547363281 0 17.6473754882812 17.7493131408691 0 0.0589588328991783 0.0163196301343868 0.924721536966435 
48.6666666666667 0.0846853637695313 0.0161982788085938 0 17.6473754882812 17.7482591308594 0 0.0589591719378953 0.0161184588844163 0.924922369177688 
48.8333333333333 0.0849874877929688 0.0161973724365234 0 17.6508178710938 17.7520027313232 0 0.058969655497605 0.0161756841457594 0.924854660356636 
49 0.0851385498046875 0.0161968688964844 0 17.6473754882812 17.7487109069824 0 0.0589588328991783 0.0162046221700853 0.924836544930736 
49.1666666666667 0.0846853637695313 0.0161982788085938 0 17.6473754882812 17.7482591308594 0 0.0589591719378953 0.0161184588844163 0.924922369177688 
49.3333333333333 0.0849874877929688 0.0161973724365234 0 17.6508178710938 17.7520027313232 0 0.058969655497605 0.0161756841457594 0.924854660356636 
49.5 0.0851385498046875 0.0161968688964844 0 17.6473754882812 17.7487109069824 0 0.0589588328991783 0.0162046221700853 0.924836544930736 
49.6666666666667 0.0846853637695313 0.0161982788085938 0 17.6473754882812 17.7482591308594 0 0.0589591719378953 0.0161184588844163 0.924922369177688 
49.8333333333333 0.0849874877929688 0.0161973724365234 0 17.6508178710938 17.7520027313232 0 0.058969655497605 0.0161756841457594 0.924854660356636 
50 0.235354614257813 0.0156966522216797 1.5229248046875 17.2549438476562 19.0289199188232 0.00547430626338514 0.0574057743623808 0.0446075792800944 0.89251234009414 
50.1666666666667 1.99997039794922 0.00999446411132813 1.83834228515625 24.296337890625 28.1446450378418 0.00638595753393578 0.0781145377374674 0.36631822432751 0.549181280401087 
50.3333333333333 2.63156066894531 0.00782632141113281 2.43572387695312 25.136279296875 30.2113901641846 0.00844994141963437 0.0807082697791631 0.481364811990185 0.429476976811018 
50.5 0.0846249389648438 0.0159198211669922 0 16.970947265625 17.0714920257568 0 0.0577486236382804 0.0164050603256413 0.925846316036078 
50.6666666666667 0.0844436645507813 0.0162009979248047 0 17.3960815429688 17.4967262054443 0 0.0581620850189615 0.0160842018035023 0.925753713177536 
50.8333333333333 0.0851385498046875 0.0161984802246094 0 17.411572265625 17.5129092956543 0 0.0582115318218437 0.0162159051674531 0.925572563010703 
51 0.085198974609375 0.0161982788085938 0 17.4132934570313 17.5146907104492 0 0.0582169512202139 0.0162273205931604 0.925555728186626 
51.1666666666667 0.0846551513671875 0.0162001922607422 0 17.3960815429688 17.4969368865967 0 0.0581624197223949 0.0161245770319729 0.925713003245632 
51.3333333333333 0.0851385498046875 0.0161984802246094 0 17.411572265625 17.5129092956543 0 0.0582115318218437 0.0162159051674531 0.925572563010703 
51.5 0.0851687622070313 0.0161983795166016 0 17.4132934570313 17.5146605987549 0 0.0582169512202139 0.0162215662241557 0.92556148255563 
51.6666666666667 0.0846551513671875 0.01620029296875 0 17.3960815429688 17.4969369873047 0 0.0581620850189615 0.016124484240935 0.925713430740103 
51.8333333333333 0.0851385498046875 0.0161984802246094 0 17.411572265625 17.5129092956543 0 0.0582115318218437 0.0162159051674531 0.925572563010703 
52 1.12683197021484 0.0127282836914063 2.66193237304687 24.2791259765625 28.0806186035156 0.00931116336606078 0.0786015981099063 0.207826726549353 0.70426051197468 
52.1666666666667 2.11849365234375 0.00942687377929688 1.93551635742188 23.8866943359375 27.9501312194824 0.00679457999429591 0.0776092026015133 0.392128353251053 0.523467864153138 
52.3333333333333 0.0857730102539063 0.0161953582763672 0 17.6559814453125 17.7579498138428 0 0.0589838539031234 0.0163243479460877 0.924691798150789 
52.5 0.0851687622070313 0.0161973724365234 0 17.6559814453125 17.7573475799561 0 0.0589838539031234 0.0162093472560835 0.924806798840793 
52.6666666666667 0.0846853637695313 0.0161991851806641 0 17.659423828125 17.7603083770752 0 0.0589939971020493 0.0161169760114078 0.924889026886543 
52.8333333333333 0.0851385498046875 0.0161974731445313 0 17.6559814453125 17.7573174682617 0 0.0589838539031234 0.0162035972215833 0.924812548875293 
53 0.0851687622070313 0.0161972717285156 0 17.6559814453125 17.757347479248 0 0.0589841930642685 0.0162094404609254 0.924806366474806 
53.1666666666667 0.0846853637695313 0.0161991851806641 0 17.659423828125 17.7603083770752 0 0.0589939971020493 0.0161169760114078 0.924889026886543 
53.3333333333333 0.0851385498046875 0.0161974731445313 0 17.6559814453125 17.7573174682617 0 0.0589838539031234 0.0162035972215833 0.924812548875293 
53.5 0.0851687622070313 0.0161973724365234 0 17.6559814453125 17.7573475799561 0 0.0589838539031234 0.0162093472560835 0.924806798840793 
53.6666666666667 0.0846853637695313 0.0161991851806641 0 17.659423828125 17.7603083770752 0 0.0589939971020493 0.0161169760114078 0.924889026886543 
53.8333333333333 0.0851385498046875 0.0161974731445313 0 17.6559814453125 17.7573174682617 0 0.0589838539031234 0.0162035972215833 0.924812548875293 
