0 0.235505676269531 0.0156949401855469 1.52451782226562 16.9726684570313 18.748386895752 0.00548552955135591 0.0565233092015889 0.044680985217157 0.893310176029898 
0.166666666666667 0.0896401977539062 0.0161818634033203 0 17.8005615234375 17.9063835845947 0 0.0594401977125122 0.0170527041784011 0.923507098109087 
0.333333333333333 0.215595703125 0.0157643280029297 0.575079345703125 23.8505493164063 24.6569886932373 0.00202935538453755 0.0778968907577197 0.0401149031137395 0.879958850744003 
0.5 0.708118286132812 0.0141229888916016 0.632427978515625 19.9486083984375 21.3032776519775 0.0022600220878733 0.0659789823638579 0.133426694447291 0.798334301100978 
0.666666666666667 0.338016357421875 0.0153554534912109 0.211871337890625 17.9640747070313 18.529317855835 0.000763345634868251 0.0599025442941349 0.0642128643827518 0.875121245688245 
0.833333333333333 0.0840811157226563 0.0162003936767578 0 17.7265502929688 17.8268318023682 0 0.0592076896985863 0.0159991261706152 0.924793184130798 
1 0.21342041015625 0.0157698669433594 0.1338134765625 18.182666015625 18.5456697692871 0.000481922181042099 0.0606074514348659 0.0405273605581118 0.89838326582598 
1.16666666666667 0.0836279296875 0.0162032135009766 0 17.3582153320312 17.4580464752197 0 0.058044501743925 0.015931302015586 0.926024196240489 
1.33333333333333 0.0838092041015625 0.0162026092529297 0 17.3719848632812 17.4719966766357 0 0.0580878713583572 0.0159651000840268 0.925947028557616 
1.5 0.0838092041015625 0.0162026092529297 0 17.3547729492187 17.4547847625732 0 0.0580336587162722 0.0159660189704393 0.926000322313289 
1.66666666666667 0.0836279296875 0.0162032135009766 0 17.3582153320312 17.4580464752197 0 0.058044501743925 0.015931302015586 0.926024196240489 
1.83333333333333 0.0840206909179688 0.016201904296875 0 17.3599365234375 17.4601591186523 0 0.058049923164141 0.0160060317588217 0.925944045077037 
2 0.22888916015625 0.0157197143554688 1.465576171875 16.6525268554688 18.3627119018555 0.00527937657448799 0.0555195308240992 0.0434745184003489 0.895726574201064 
2.16666666666667 0.0838394165039062 0.0162025085449219 0 17.3461669921875 17.4462089172363 0 0.0580065500549675 0.015972234213389 0.926021215731643 
2.33333333333333 0.0840206909179688 0.016201904296875 0 17.3599365234375 17.4601591186523 0 0.058049923164141 0.0160060317588217 0.925944045077037 
2.5 1.23324005126953 0.0123746978759766 1.09121704101562 21.1224609375 23.4592927276611 0.00387765846037146 0.0694695250009906 0.231068818531245 0.695583998007393 
2.66666666666667 0.0844436645507813 0.01620029296875 0 17.4218994140625 17.522543371582 0 0.0582457230652373 0.0160834613680437 0.925670815566719 
2.83333333333333 0.0841415405273438 0.0162011993408203 0 17.4046875 17.5050302398682 0 0.0581918628071589 0.0160269321516948 0.925781205041146 
3 0.0842926025390625 0.0162006958007813 0 17.4201782226563 17.5206715209961 0 0.058240638972488 0.0160548742943624 0.92570448673315 
3.16666666666667 0.08386962890625 0.0162022064208984 0 17.4218994140625 17.5219712493897 0 0.0582457230652373 0.015974128356955 0.925780148577808 
3.33333333333333 0.0841415405273438 0.0162011993408203 0 17.4046875 17.5050302398682 0 0.0581918628071589 0.0160269321516948 0.925781205041146 
3.5 0.0842926025390625 0.0162006958007813 0 17.4201782226563 17.5206715209961 0 0.058240638972488 0.0160548742943624 0.92570448673315 
3.66666666666667 0.08386962890625 0.0162022064208984 0 17.4218994140625 17.5219712493897 0 0.0582457230652373 0.015974128356955 0.925780148577808 
3.83333333333333 0.0841415405273438 0.0162011993408203 0 17.4046875 17.5050302398682 0 0.0581918628071589 0.0160269321516948 0.925781205041146 
4 0.234478454589844 0.0156997741699219 1.52611083984375 17.081103515625 18.8573925842285 0.00548880753078144 0.0568590041080115 0.0444662163323536 0.893185972028854 
4.16666666666667 0.0840509033203125 0.0162003936767578 0 17.6473754882812 17.7476267852783 0 0.0589591719378953 0.0159976998274871 0.925043128234618 
4.33333333333333 0.214598693847656 0.0157666442871094 0.1083251953125 17.8367065429687 18.175397076416 0.000390598074581256 0.059525997748317 0.040800266525745 0.899283137651357 
4.5 0.0845040893554687 0.0161999908447266 0 17.4201782226563 17.5208823028564 0 0.058240638972488 0.0160951553409791 0.925664205686533 
4.66666666666667 0.08386962890625 0.0162022064208984 0 17.4218994140625 17.5219712493897 0 0.0582457230652373 0.015974128356955 0.925780148577808 
4.83333333333333 0.0841415405273438 0.0162011993408203 0 17.4046875 17.5050302398682 0 0.0581918628071589 0.0160269321516948 0.925781205041146 
5 0.0842926025390625 0.0162005950927734 0 17.4201782226563 17.5206714202881 0 0.0582409741164014 0.0160549666816283 0.92570405920197 
5.16666666666667 0.08386962890625 0.0162022064208984 0 17.4218994140625 17.5219712493897 0 0.0582457230652373 0.015974128356955 0.925780148577808 
5.33333333333333 0.0841415405273438 0.0162011993408203 0 17.4046875 17.5050302398682 0 0.0581918628071589 0.0160269321516948 0.925781205041146 
5.5 0.0842926025390625 0.0162006958007813 0 17.4201782226563 17.5206715209961 0 0.058240638972488 0.0160548742943624 0.92570448673315 
5.66666666666667 0.08386962890625 0.0162022064208984 0 17.4218994140625 17.5219712493897 0 0.0582457230652373 0.015974128356955 0.925780148577808 
5.83333333333333 0.0841415405273438 0.0162011993408203 0 17.4046875 17.5050302398682 0 0.0581918628071589 0.0160269321516948 0.925781205041146 
6 0.234478454589844 0.0156997741699219 1.52611083984375 17.08798828125 18.8642773498535 0.00548868174239863 0.0568806183074464 0.0444651972888891 0.893165502661266 
6.16666666666667 0.0840509033203125 0.01620029296875 0 17.6473754882812 17.7476266845703 0 0.0589595109805117 0.0159977918216896 0.925042697197799 
6.33333333333333 0.0841415405273438 0.0162001922607422 0 17.6508178710938 17.7511596038818 0 0.058969655497605 0.0160146748474724 0.925015669654923 
6.5 0.214810180664063 0.0157650329589844 0.1083251953125 18.4907592773437 18.8296596862793 0.000389767457856394 0.06157752646693 0.0407536268435141 0.8972790792317 
6.66666666666667 0.0840509033203125 0.0162003936767578 0 17.6473754882812 17.7476267852783 0 0.0589591719378953 0.0159976998274871 0.925043128234618 
6.83333333333333 0.084111328125 0.0162000915527344 0 17.6508178710938 17.7511292907715 0 0.0589703336956084 0.0160091086307727 0.925020557673619 
7 0.084232177734375 0.0161997894287109 0 17.6473754882812 17.7478074554443 0 0.0589591719378953 0.0160322024151811 0.925008625646924 
7.16666666666667 0.0838394165039062 0.0162010986328125 0 17.6473754882812 17.747416003418 0 0.0589591719378953 0.0159574468085106 0.925083381253594 
7.33333333333333 0.084111328125 0.0162000915527344 0 17.6508178710938 17.7511292907715 0 0.0589703336956084 0.0160091086307727 0.925020557673619 
7.5 0.084232177734375 0.0161997894287109 0 17.6473754882812 17.7478074554443 0 0.0589591719378953 0.0160322024151811 0.925008625646924 
7.66666666666667 0.0838394165039062 0.0162009979248047 0 17.6473754882812 17.74741590271 0 0.0589595109805117 0.0159575385712396 0.925082950448249 
7.83333333333333 0.084111328125 0.0161999908447266 0 17.6508178710938 17.7511291900635 0 0.05897067280046 0.0160092006900518 0.925020126509488 
8 0.234478454589844 0.0156995727539063 1.52611083984375 16.9812744140625 18.75756328125 0.00549069504863105 0.0565461350206617 0.0444815075912584 0.893481662339449 
8.16666666666667 0.0840811157226563 0.01620029296875 0 17.6473754882812 17.7476568969727 0 0.0589591719378953 0.0160034502587694 0.925037377803335 
8.33333333333333 1.24562713623047 0.0123332061767578 1.54044799804687 26.7042846679688 29.5026930084229 0.00536697451380872 0.086110247757748 0.228826258769203 0.67969651895924 
8.5 0.0849270629882812 0.016198681640625 0 17.4201782226563 17.5213039672852 0 0.0582403038324318 0.0161756243526298 0.925584071814938 
8.66666666666667 0.0839300537109375 0.0162021057128906 0 17.4218994140625 17.5220315734863 0 0.0582453878997825 0.0159855451082391 0.925769066991978 
8.83333333333333 0.0842019653320313 0.0162010986328125 0 17.4046875 17.5050905639648 0 0.0581915279304372 0.0160383493218086 0.925770122747754 
9 0.0843228149414063 0.0162006958007813 0 17.4201782226563 17.5207017333984 0 0.0582403038324318 0.0160605363102774 0.925699159857291 
9.16666666666667 0.0839602661132813 0.0162020050048828 0 17.4218994140625 17.5220616851807 0 0.0582453878997825 0.0159912994441312 0.925763312656086 
9.33333333333333 0.0842019653320313 0.0162010986328125 0 17.4046875 17.5050905639648 0 0.0581915279304372 0.0160383493218086 0.925770122747754 
9.5 0.0843228149414063 0.0162006958007813 0 17.4201782226563 17.5207017333984 0 0.0582403038324318 0.0160605363102774 0.925699159857291 
9.66666666666667 0.0839602661132813 0.0162020050048828 0 17.4218994140625 17.5220616851807 0 0.0582453878997825 0.0159912994441312 0.925763312656086 
9.83333333333333 0.084232177734375 0.0162010986328125 0 17.4046875 17.5051207763672 0 0.0581911930575697 0.0160440116934834 0.925764795248947 
10 0.235505676269531 0.0156962493896484 1.52611083984375 16.9588989257812 18.7362116912842 0.00549107270799301 0.0564755108474479 0.0446794486000057 0.893353967844553 
10.1666666666667 0.0840811157226563 0.01620029296875 0 17.6473754882812 17.7476568969727 0 0.0589591719378953 0.0160034502587694 0.925037377803335 
10.3333333333333 0.0841415405273438 0.0162000915527344 0 17.6508178710938 17.7511595031738 0 0.0589699945946568 0.0160147669377005 0.925015238467643 
10.5 0.215595703125 0.0157624145507813 0.5416259765625 23.5717163085938 24.344700402832 0.00191347706922847 0.0770737307737764 0.0401605069588659 0.880852285198129 
10.6666666666667 0.0844134521484375 0.0161991851806641 0 17.6473754882812 17.7479881256104 0 0.0589591719378953 0.0160667050028752 0.924974123059229 
10.8333333333333 0.0842926025390625 0.0161995880126953 0 17.6508178710938 17.7513100616455 0 0.0589699945946568 0.0160435187634415 0.924986486641902 
11 0.0844436645507813 0.0161991851806641 0 17.6473754882812 17.7480183380127 0 0.0589588328991783 0.0160723630111385 0.924968804089683 
11.1666666666667 0.0838998413085938 0.0162018035888672 0 17.6473754882812 17.7474771331787 0 0.058956120729807 0.0159681212588193 0.925075758011374 
11.3333333333333 0.0842019653320313 0.0162007965087891 0 17.6508178710938 17.7512206329346 0 0.0589669428615786 0.0160254382989 0.925007618839521 
11.5 0.08435302734375 0.0162001922607422 0 17.6473754882812 17.7479287078857 0 0.0589564597373324 0.0160544655795018 0.924989074683166 
11.6666666666667 0.0839300537109375 0.0162017028808594 0 17.6473754882812 17.747507244873 0 0.058956120729807 0.0159738713925099 0.925070007877683 
11.8333333333333 0.0841717529296875 0.0162007965087891 0 17.6508178710938 17.7511904205322 0 0.0589672819274337 0.0160197803461561 0.92501293772641 
12 0.234569091796875 0.0157000762939453 1.5229248046875 17.2515014648437 19.0246954376221 0.00547411818598259 0.0573923499770957 0.0444571690334402 0.892676362803481 
12.1666666666667 0.08435302734375 0.01620029296875 0 17.6473754882812 17.7479288085937 0 0.058956120729807 0.0160543732641784 0.924989506006015 
12.3333333333333 0.0842019653320313 0.0162007965087891 0 17.6508178710938 17.7512206329346 0 0.0589669428615786 0.0160254382989 0.925007618839521 
12.5 0.0843832397460938 0.0162000915527344 0 17.6473754882812 17.7479588195801 0 0.0589564597373324 0.0160602157462566 0.924983324516411 
12.6666666666667 2.14795074462891 0.00932817993164063 3.45525512695312 44.4807495117188 50.0932835632324 0.0113126065935441 0.134786395664805 0.370802105010614 0.483098892731037 
12.8333333333333 0.704523010253906 0.0141325561523438 1.30946044921875 28.9211791992188 30.9492952148438 0.00453452194443832 0.0926929102583905 0.128638098810653 0.774134468986518 
13 0.868576354980469 0.0135870208740234 0.74871826171875 19.1482543945312 20.7791360321045 0.00268174530266634 0.0634774818982192 0.164037224907137 0.769803547891977 
13.1666666666667 0.1803076171875 0.0158811492919922 0.1210693359375 18.1293090820312 18.4465671844482 0.000436099889827396 0.0604400018362101 0.0342453176643408 0.904878580609622 
13.3333333333333 0.0848666381835937 0.0161988830566406 0 17.4218994140625 17.5229649353027 0 0.0582457230652373 0.016164022534109 0.925590254400654 
13.5 0.0845645141601563 0.0162000915527344 0 17.4046875 17.5054521057129 0 0.0581908581885563 0.0161072203391781 0.925701921472265 
13.6666666666667 0.0842926025390625 0.0162009979248047 0 17.4201782226563 17.5206718231201 0 0.0582396335638904 0.0160545971389442 0.925705769297165 
13.8333333333333 0.0846551513671875 0.0161995880126953 0 17.4218994140625 17.5227541534424 0 0.0582457230652373 0.0161237419510764 0.925630534983686 
14 0.234750366210937 0.015699169921875 1.52133178710938 17.2428955078125 19.0146768310547 0.00546867394677921 0.0573666760197216 0.0444938183942141 0.892670831639285 
14.1666666666667 0.0846249389648438 0.0161983795166016 0 17.6473754882812 17.7481988067627 0 0.0589595109805117 0.0161070506443395 0.924933438375149 
14.3333333333333 0.0845343017578125 0.0161988830566406 0 17.6508178710938 17.7515510559082 0 0.058969655497605 0.0160894291645343 0.924940915337861 
14.5 0.0846551513671875 0.0161983795166016 0 17.6473754882812 17.748229019165 0 0.0589591719378953 0.016112708453134 0.924928119608971 
14.6666666666667 0.724463195800781 0.0140680023193359 0.890496826171875 22.8212768554688 24.4503048797607 0.00314950869917966 0.0747036419363563 0.135102091408997 0.787044757955467 
14.8333333333333 0.0851687622070313 0.0161965667724609 0 17.6508178710938 17.7521832000732 0 0.0589703336956084 0.0162103725683004 0.924819293736091 
15 0.0846249389648438 0.0161984802246094 0 17.6473754882812 17.7481989074707 0 0.0589591719378953 0.0161069580218516 0.924933870040253 
15.1666666666667 0.0842623901367188 0.0161996887207031 0 17.6473754882812 17.7478375671387 0 0.0589591719378953 0.0160379528464635 0.925002875215641 
15.3333333333333 0.0845040893554687 0.0161987823486328 0 17.6508178710938 17.7515207427979 0 0.0589703336956084 0.0160838638075687 0.924945802496823 
15.5 0.0845947265625 0.0161984802246094 0 17.6473754882812 17.7481686950684 0 0.0589595109805117 0.0161013001799895 0.924939188839499 
15.6666666666667 0.084232177734375 0.0161997894287109 0 17.6473754882812 17.7478074554443 0 0.0589591719378953 0.0160322024151811 0.925008625646924 
15.8333333333333 0.0847457885742188 0.0161979766845703 0 17.6508178710938 17.7517616363525 0 0.0589703336956084 0.0161298669932893 0.924899799311102 
16 0.235112915039063 0.0156974578857422 1.52611083984375 16.9812744140625 18.7581956268311 0.00549069504863105 0.0565461350206617 0.0446018672948297 0.893361302635878 
16.1666666666667 0.0846853637695313 0.0161982788085938 0 17.6473754882812 17.7482591308594 0 0.0589591719378953 0.0161184588844163 0.924922369177688 
16.3333333333333 0.0847760009765625 0.0161980773925781 0 17.6508178710938 17.7517919494629 0 0.058969655497605 0.0161354318211877 0.924894912681207 
16.5 0.0849270629882812 0.0161975738525391 0 17.6473754882812 17.7485001251221 0 0.0589588328991783 0.0161643693825797 0.924876797718242 
16.6666666666667 1.36131042480469 0.0120764007568359 1.62965698242187 27.6767578125 30.6798016204834 0.00561853292031899 0.0883147696566269 0.247468090248028 0.658598607175026 
16.8333333333333 0.717242431640625 0.0139641723632813 0.59578857421875 19.2739013671875 20.6008965454102 0.00214977122755386 0.0643666796955832 0.136458740486975 0.797024808589888 
17 0.0855615234375 0.0161965667724609 0 17.4201782226563 17.5219363128662 0 0.0582403038324318 0.0162964667970998 0.925463229370468 
17.1666666666667 0.0845645141601563 0.0161999908447266 0 17.4218994140625 17.5226639190674 0 0.0582453878997825 0.016106386161973 0.925648225938244 
17.3333333333333 0.08483642578125 0.0161990844726562 0 17.4046875 17.5057230102539 0 0.0581911930575697 0.0161591050341827 0.925649701908248 
17.5 0.0849270629882812 0.016198681640625 0 17.4201782226563 17.5213039672852 0 0.0582403038324318 0.0161756243526298 0.925584071814938 
17.6666666666667 0.0845645141601563 0.0161999908447266 0 17.4218994140625 17.5226639190674 0 0.0582453878997825 0.016106386161973 0.925648225938244 
17.8333333333333 0.08483642578125 0.0161990844726562 0 17.4046875 17.5057230102539 0 0.0581911930575697 0.0161591050341827 0.925649701908248 
18 0.236109924316406 0.0156942352294922 1.52611083984375 16.9588989257812 18.7368139251709 0.00549107270799301 0.0564755108474479 0.0447940847734503 0.893239331671109 
18.1666666666667 0.0846853637695313 0.0161982788085938 0 17.6473754882812 17.7482591308594 0 0.0589591719378953 0.0161184588844163 0.924922369177688 
18.3333333333333 0.0847457885742188 0.0161981781005859 0 17.6508178710938 17.7517618377686 0 0.058969655497605 0.016129681489106 0.924900663013289 
18.5 0.0849270629882812 0.0161975738525391 0 17.6473754882812 17.7485001251221 0 0.0589588328991783 0.0161643693825797 0.924876797718242 
18.6666666666667 0.084473876953125 0.0161989837646484 0 17.6473754882812 17.748048348999 0 0.0589591719378953 0.0160782058654399 0.924962622196665 
18.8333333333333 0.0847760009765625 0.0161980773925781 0 17.6508178710938 17.7517919494629 0 0.058969655497605 0.0161354318211877 0.924894912681207 
19 0.977643127441406 0.0132248748779297 1.2935302734375 26.6578125 28.9422107757568 0.00451166253653224 0.0860549622731667 0.179794197068531 0.72963917812177 
19.1666666666667 0.085078125 0.0161969696044922 0 17.6473754882812 17.7486505828857 0 0.0589591719378953 0.0161932144910868 0.924847613571018 
19.3333333333333 0.0847457885742188 0.0161979766845703 0 17.6508178710938 17.7517616363525 0 0.0589703336956084 0.0161298669932893 0.924899799311102 
19.5 0.0848666381835937 0.0161976745605469 0 17.6473754882812 17.7484398010254 0 0.0589591719378953 0.0161529614721104 0.924887866589994 
19.6666666666667 0.084473876953125 0.0161989837646484 0 17.6473754882812 17.748048348999 0 0.0589591719378953 0.0160782058654399 0.924962622196665 
19.8333333333333 0.0847457885742188 0.0161979766845703 0 17.6508178710938 17.7517616363525 0 0.0589703336956084 0.0161298669932893 0.924899799311102 
20 0.235112915039063 0.0156974578857422 1.52611083984375 16.9812744140625 18.7581956268311 0.00549069504863105 0.0565461350206617 0.0446018672948297 0.893361302635878 
20.1666666666667 0.0846853637695313 0.0161982788085938 0 17.6473754882812 17.7482591308594 0 0.0589591719378953 0.0161184588844163 0.924922369177688 
20.3333333333333 0.0847760009765625 0.0161980773925781 0 17.6508178710938 17.7517919494629 0 0.058969655497605 0.0161354318211877 0.924894912681207 
20.5 0.0849270629882812 0.0161975738525391 0 17.6473754882812 17.7485001251221 0 0.0589588328991783 0.0161643693825797 0.924876797718242 
20.6666666666667 0.084473876953125 0.0161989837646484 0 17.6473754882812 17.748048348999 0 0.0589591719378953 0.0160782058654399 0.924962622196665 
20.8333333333333 0.0847760009765625 0.0161980773925781 0 17.6508178710938 17.7517919494629 0 0.058969655497605 0.0161354318211877 0.924894912681207 
21 0.0849270629882812 0.0161975738525391 0 17.6473754882812 17.7485001251221 0 0.0589588328991783 0.0161643693825797 0.924876797718242 
21.1666666666667 0.468503723144531 0.0149203948974609 0.775799560546875 24.1259399414063 25.3851636199951 0.00273340592481169 0.0786738210432967 0.0870368083697226 0.831555964662169 
21.3333333333333 0.0853802490234375 0.0161960632324219 0 17.6508178710938 17.7523941833496 0 0.058969655497605 0.0162504384628212 0.924779906039574 
21.5 0.0849270629882812 0.0161975738525391 0 17.6473754882812 17.7485001251221 0 0.0589588328991783 0.0161643693825797 0.924876797718242 
21.6666666666667 0.084473876953125 0.0161989837646484 0 17.6473754882812 17.748048348999 0 0.0589591719378953 0.0160782058654399 0.924962622196665 
21.8333333333333 0.0847760009765625 0.0161980773925781 0 17.6508178710938 17.7517919494629 0 0.058969655497605 0.0161354318211877 0.924894912681207 
22 0.235143127441406 0.0156973571777344 1.52770385742187 17.2549438476562 19.0334881896973 0.00549139071330818 0.0574047882178462 0.0445667298453363 0.892537091223509 
22.1666666666667 0.0848968505859375 0.0161975738525391 0 17.6473754882812 17.7484699127197 0 0.0589591719378953 0.0161587119033928 0.924882116158712 
22.3333333333333 0.0847760009765625 0.0161980773925781 0 17.6508178710938 17.7517919494629 0 0.058969655497605 0.0161354318211877 0.924894912681207 
22.5 0.0849270629882812 0.0161975738525391 0 17.6473754882812 17.7485001251221 0 0.0589588328991783 0.0161643693825797 0.924876797718242 
22.6666666666667 0.084473876953125 0.0161989837646484 0 17.6473754882812 17.748048348999 0 0.0589591719378953 0.0160782058654399 0.924962622196665 
22.8333333333333 1.49297607421875 0.0115087097167969 1.35247192382812 22.6044067382813 25.4613634460449 0.00477836061145006 0.0739154415903105 0.278124226119453 0.643181971678786 
23 0.0855010986328125 0.0161955596923828 0 17.6473754882812 17.7490721466064 0 0.0589591719378953 0.0162737205290397 0.924767107533065 
23.1666666666667 0.0844134521484375 0.0161993865966797 0 17.6508178710938 17.7514307098389 0 0.058969316404453 0.0160663354494434 0.924964348146104 
23.3333333333333 0.0849270629882812 0.0161975738525391 0 17.6473754882812 17.7485001251221 0 0.0589588328991783 0.0161643693825797 0.924876797718242 
23.5 0.0848666381835937 0.0161976745605469 0 17.6473754882812 17.7484398010254 0 0.0589591719378953 0.0161529614721104 0.924887866589994 
23.6666666666667 0.0844134521484375 0.0161993865966797 0 17.6508178710938 17.7514307098389 0 0.058969316404453 0.0160663354494434 0.924964348146104 
23.8333333333333 0.0848666381835937 0.0161982788085938 0 17.6473754882812 17.7484404052734 0 0.0589571377640794 0.016152404172369 0.924890458063552 
24 0.235868225097656 0.0156957458496094 1.52611083984375 16.736865234375 18.514540045166 0.00549491519590692 0.0557751099843412 0.0447795437729074 0.893950431046844 
24.1666666666667 0.0845645141601563 0.0161995880126953 0 17.6473754882812 17.7481395904541 0 0.058956120729807 0.0160946242000127 0.92494925507018 
24.3333333333333 0.0846551513671875 0.0161992858886719 0 17.6508178710938 17.7516723083496 0 0.0589669428615786 0.0161116893123494 0.924921367826072 
24.5 0.0848062133789063 0.016198681640625 0 17.6473754882812 17.7483803833008 0 0.0589564597373324 0.0161407180808243 0.924902822181843 
24.6666666666667 0.08435302734375 0.01620029296875 0 17.6473754882812 17.7479288085937 0 0.058956120729807 0.0160543732641784 0.924989506006015 
24.8333333333333 0.0846551513671875 0.0161992858886719 0 17.6508178710938 17.7516723083496 0 0.0589669428615786 0.0161116893123494 0.924921367826072 
25 0.0848062133789063 0.016198681640625 0 17.6473754882812 17.7483803833008 0 0.0589564597373324 0.0161407180808243 0.924902822181843 
25.1666666666667 1.87377319335938 0.0102412994384766 2.11234130859375 29.1122314453125 33.1085872467041 0.00728759624738257 0.0929580715899161 0.340857254345903 0.558897077816799 
25.3333333333333 0.718299865722656 0.0140893524169922 0.649951171875 20.3943969726563 21.7767373626709 0.00231903828118339 0.0673487367493677 0.135135135135135 0.795197089834314 
25.5 0.0855917358398438 0.0161969696044922 0 17.4132934570313 17.5150821624756 0 0.0582169512202139 0.016302127390221 0.925480921389565 
25.6666666666667 0.0844436645507813 0.0162009979248047 0 17.3960815429688 17.4967262054443 0 0.0581620850189615 0.0160842018035023 0.925753713177536 
25.8333333333333 0.0849270629882812 0.0161991851806641 0 17.411572265625 17.5126985137939 0 0.0582115318218437 0.0161756243526298 0.925612843825527 
26 0.234961853027344 0.0156982635498047 1.52133178710938 17.2015869140625 18.973578817749 0.00546948827353169 0.0572377652415452 0.0445405343489591 0.892752212135964 
26.1666666666667 0.0848968505859375 0.0161975738525391 0 17.6473754882812 17.7484699127197 0 0.0589591719378953 0.0161587119033928 0.924882116158712 
26.3333333333333 0.0849874877929688 0.0161973724365234 0 17.6508178710938 17.7520027313232 0 0.058969655497605 0.0161756841457594 0.924854660356636 
26.5 0.0851083374023437 0.0161968688964844 0 17.6473754882812 17.7486806945801 0 0.0589591719378953 0.0161989649223692 0.924841863139735 
26.6666666666667 0.0846853637695313 0.0161982788085938 0 17.6473754882812 17.7482591308594 0 0.0589591719378953 0.0161184588844163 0.924922369177688 
26.8333333333333 0.0849874877929688 0.0161973724365234 0 17.6508178710938 17.7520027313232 0 0.058969655497605 0.0161756841457594 0.924854660356636 
27 0.0851385498046875 0.0161968688964844 0 17.6473754882812 17.7487109069824 0 0.0589588328991783 0.0162046221700853 0.924836544930736 
27.1666666666667 1.23586853027344 0.0124702697753906 1.34291381835937 24.71630859375 27.3075612121582 0.0046850251479701 0.0798065968266318 0.227337649706839 0.68817072831856 oE-wB-
27.3333333333333 0.845947265625 0.0135590240478516 0.74234619140625 20.358251953125 21.9601044342041 0.00266390748352207 0.0676152311482813 0.160063110597893 0.769657750770304 
27.5 0.085682373046875 0.0161949554443359 0 17.6473754882812 17.7492528167725 0 0.0589591719378953 0.0163082231167338 0.924732604945371 
27.6666666666667 0.0846853637695313 0.0161982788085938 0 17.6473754882812 17.7482591308594 0 0.0589591719378953 0.0161184588844163 0.924922369177688 
27.8333333333333 0.0849270629882812 0.0161972717285156 0 17.6508178710938 17.7519422058105 0 0.05897067280046 0.0161644623346751 0.924864864864865 
28 0.235324401855469 0.0156967529296875 1.52611083984375 16.9812744140625 18.7584064086914 0.00549069504863105 0.0565461350206617 0.0446419871960201 0.893321182734687 
28.1666666666667 0.0848968505859375 0.0161975738525391 0 17.6473754882812 17.7484699127197 0 0.0589591719378953 0.0161587119033928 0.924882116158712 
28.3333333333333 0.0849874877929688 0.0161973724365234 0 17.6508178710938 17.7520027313232 0 0.058969655497605 0.0161756841457594 0.924854660356636 
28.5 0.0851385498046875 0.0161968688964844 0 17.6473754882812 17.7487109069824 0 0.0589588328991783 0.0162046221700853 0.924836544930736 
28.6666666666667 0.0846853637695313 0.0161982788085938 0 17.6473754882812 17.7482591308594 0 0.0589591719378953 0.0161184588844163 0.924922369177688 
28.8333333333333 0.0849874877929688 0.0161973724365234 0 17.6508178710938 17.7520027313232 0 0.058969655497605 0.0161756841457594 0.924854660356636 
29 0.0851385498046875 0.0161968688964844 0 17.6473754882812 17.7487109069824 0 0.0589588328991783 0.0162046221700853 0.924836544930736 
29.1666666666667 0.0846853637695313 0.0161982788085938 0 17.6473754882812 17.7482591308594 0 0.0589591719378953 0.0161184588844163 0.924922369177688 
29.3333333333333 0.349708557128906 0.0153160766601563 0.705706787109375 24.4787841796875 25.5495156005859 0.00248424216594513 0.0797537067360535 0.0649099392117718 0.85285211188623 
29.5 0.971087036132813 0.0132475341796875 0.798101806640625 19.6060913085938 21.3885276855469 0.00285343266240645 0.0648771486177084 0.183063937395346 0.74920548132454 
29.6666666666667 0.0853802490234375 0.0161972717285156 0 17.4218994140625 17.5234769348145 0 0.0582453878997825 0.0162617532310596 0.925492858869158 
29.8333333333333 0.0850479125976563 0.0161983795166016 0 17.4046875 17.5059337921143 0 0.0581911930575697 0.0161993877034275 0.925609419239003 
30 0.236321411132813 0.0156935302734375 1.52611083984375 16.9588989257812 18.7370247070312 0.00549107270799301 0.0564755108474479 0.0448342074341559 0.893199209010403 
30.1666666666667 0.0848968505859375 0.0161975738525391 0 17.6473754882812 17.7484699127197 0 0.0589591719378953 0.0161587119033928 0.924882116158712 
30.3333333333333 0.0849874877929688 0.0161973724365234 0 17.6508178710938 17.7520027313232 0 0.058969655497605 0.0161756841457594 0.924854660356636 
30.5 0.0851385498046875 0.0161968688964844 0 17.6473754882812 17.7487109069824 0 0.0589588328991783 0.0162046221700853 0.924836544930736 
30.6666666666667 0.0846853637695313 0.0161982788085938 0 17.6473754882812 17.7482591308594 0 0.0589591719378953 0.0161184588844163 0.924922369177688 
30.8333333333333 0.0849874877929688 0.0161973724365234 0 17.6508178710938 17.7520027313232 0 0.058969655497605 0.0161756841457594 0.924854660356636 
31 0.0851385498046875 0.0161968688964844 0 17.6473754882812 17.7487109069824 0 0.0589588328991783 0.0162046221700853 0.924836544930736 
31.1666666666667 0.0846853637695313 0.0161982788085938 0 17.6473754882812 17.7482591308594 0 0.0589591719378953 0.0161184588844163 0.924922369177688 
31.3333333333333 0.0849874877929688 0.0161973724365234 0 17.6508178710938 17.7520027313232 0 0.058969655497605 0.0161756841457594 0.924854660356636 
31.5 0.0851385498046875 0.0161968688964844 0 17.6473754882812 17.7487109069824 0 0.0589588328991783 0.0162046221700853 0.924836544930736 
31.6666666666667 0.344300537109375 0.0153346069335937 0.721636962890625 24.4512451171875 25.5325172241211 0.00254033411281775 0.0796644291538388 0.0639065067321658 0.853888730001178 oB-
31.8333333333333 0.0856219482421875 0.0161962646484375 0 17.4046875 17.5065057128906 0 0.0581918628071589 0.0163089140818323 0.925499223111009 
32 0.235324401855469 0.0156969543457031 1.52611083984375 17.081103515625 18.8582357116699 0.00548880753078144 0.0568590041080115 0.0446266407695789 0.893025547591628 
32.1666666666667 0.0848968505859375 0.0161975738525391 0 17.6473754882812 17.7484699127197 0 0.0589591719378953 0.0161587119033928 0.924882116158712 
32.3333333333333 0.0849874877929688 0.0161973724365234 0 17.6508178710938 17.7520027313232 0 0.058969655497605 0.0161756841457594 0.924854660356636 
32.5 0.0851385498046875 0.0161968688964844 0 17.6473754882812 17.7487109069824 0 0.0589588328991783 0.0162046221700853 0.924836544930736 
32.6666666666667 0.0846853637695313 0.0161982788085938 0 17.6473754882812 17.7482591308594 0 0.0589591719378953 0.0161184588844163 0.924922369177688 
32.8333333333333 0.0849874877929688 0.0161973724365234 0 17.6508178710938 17.7520027313232 0 0.058969655497605 0.0161756841457594 0.924854660356636 
33 0.0851385498046875 0.0161968688964844 0 17.6473754882812 17.7487109069824 0 0.0589588328991783 0.0162046221700853 0.924836544930736 
33.1666666666667 0.0846853637695313 0.0161982788085938 0 17.6473754882812 17.7482591308594 0 0.0589591719378953 0.0161184588844163 0.924922369177688 
33.3333333333333 2.14577545166016 0.00933704223632813 3.6894287109375 43.835302734375 49.679843939209 0.0120926686890733 0.132977584703505 0.370836618438709 0.484093128168713 
33.5 1.51829406738281 0.0114262298583984 2.7081298828125 38.286181640625 42.5240318206787 0.00905908119601187 0.118535413014169 0.267797097896694 0.604608407893124 
33.6666666666667 0.0855917358398438 0.0161965667724609 0 17.4218994140625 17.5236877166748 0 0.0582453878997825 0.0163020335823043 0.925452578517913 
33.8333333333333 0.0850479125976563 0.0161983795166016 0 17.4046875 17.5059337921143 0 0.0581911930575697 0.0161993877034275 0.925609419239003 
34 0.231064453125 0.0157121612548828 1.47035522460937 16.6456420898438 18.362773928833 0.00529671351264497 0.055497850900097 0.0438886944146357 0.895316741172622 
34.1666666666667 0.0848968505859375 0.0161989837646484 0 17.2859252929687 17.3870211273193 0 0.0578167457283655 0.0161769446875144 0.92600630958412 
34.3333333333333 0.085078125 0.0161983795166016 0 17.2996948242188 17.4009713287354 0 0.0578601363175831 0.0162107396149949 0.925929124067422 
34.5 0.085078125 0.0161983795166016 0 17.2842041015625 17.3854806060791 0 0.057811321623691 0.0162115795351836 0.925977098841125 
34.6666666666667 0.0846853637695313 0.0161996887207031 0 17.2979736328125 17.3988586853027 0 0.0578547127124937 0.0161359959933453 0.926009291294161 
34.8333333333333 0.0850479125976563 0.0161984802246094 0 17.301416015625 17.4026624084473 0 0.0578655598602292 0.0162048896743479 0.925929550465423 
35 0.0850479125976563 0.0161983795166016 0 17.2842041015625 17.3854503936768 0 0.0578116544426662 0.0162059158789191 0.925982429678415 
35.1666666666667 0.0846551513671875 0.0161996887207031 0 17.2996948242188 17.4005496643066 0 0.0578604694003258 0.0161302393055132 0.926009291294161 
35.3333333333333 0.739901733398438 0.0140174468994141 1.85267944335937 35.1570556640625 37.7636542877197 0.00627739274996222 0.110251095709998 0.13218688602457 0.751284625515469 
35.5 0.0859844970703125 0.0161940490722656 0 17.6473754882812 17.7495540344238 0 0.0589588328991783 0.0163656333201074 0.924675533780714 
35.6666666666667 0.0846853637695313 0.0161982788085938 0 17.6473754882812 17.7482591308594 0 0.0589591719378953 0.0161184588844163 0.924922369177688 
35.8333333333333 0.0849874877929688 0.0161973724365234 0 17.6508178710938 17.7520027313232 0 0.058969655497605 0.0161756841457594 0.924854660356636 
36 0.235354614257813 0.0156969543457031 1.5229248046875 17.2497802734375 19.0237566467285 0.00547430626338514 0.0573885955770354 0.0446075792800944 0.892529518879485 
36.1666666666667 0.0849874877929688 0.0161981781005859 0 17.6473754882812 17.7485611541748 0 0.058956120729807 0.0161751260716812 0.924868753198512 
36.3333333333333 0.0848666381835937 0.0161985809326172 0 17.6508178710938 17.75188309021 0 0.0589669428615786 0.0161519397852925 0.924881117353129 
36.5 0.0850177001953125 0.0161979766845703 0 17.6473754882812 17.7485911651611 0 0.0589564597373324 0.0161809692481082 0.924862571014559 
36.6666666666667 0.0845645141601563 0.0161995880126953 0 17.6473754882812 17.7481395904541 0 0.058956120729807 0.0160946242000127 0.92494925507018 
36.8333333333333 0.0848666381835937 0.0161985809326172 0 17.6508178710938 17.75188309021 0 0.0589669428615786 0.0161519397852925 0.924881117353129 
37 0.0850177001953125 0.0161979766845703 0 17.6473754882812 17.7485911651611 0 0.0589564597373324 0.0161809692481082 0.924862571014559 
37.1666666666667 0.471253051757813 0.0149835388183594 0.80606689453125 24.268798828125 25.5611023132324 0.00282703675147777 0.0787771110589655 0.0871464807303365 0.83124937145922 oE-
37.3333333333333 0.580591735839844 0.0144778839111328 1.236181640625 28.9814208984375 30.8126721588135 0.00429697882519713 0.0932377956941614 0.106411136705945 0.796054088774697 
37.5 0.0855615234375 0.0161955596923828 0 17.8143310546875 17.9160881378174 0 0.059483100477589 0.0162759556089403 0.924240943913471 
37.6666666666667 0.0845645141601563 0.0161989837646484 0 17.7747436523438 17.8755071502686 0 0.0593584209406991 0.0160883335153497 0.924553245543951 
37.8333333333333 0.084957275390625 0.0161975738525391 0 17.77646484375 17.8776196929932 0 0.0593641688269139 0.0161630560361427 0.924472775136943 
38 0.229735107421875 0.0157159881591797 1.465576171875 17.0156982421875 18.7267255096436 0.0052732639784484 0.0566646605336314 0.0435846731436105 0.89447740234431 
38.1666666666667 0.0848968505859375 0.0161989837646484 0 17.2859252929687 17.3870211273193 0 0.0578167457283655 0.0161769446875144 0.92600630958412 
38.3333333333333 0.085078125 0.0161983795166016 0 17.2996948242188 17.4009713287354 0 0.0578601363175831 0.0162107396149949 0.925929124067422 
38.5 0.085078125 0.0161983795166016 0 17.2824829101563 17.3837594146729 0 0.0578058974565635 0.0162116728650217 0.925982429678415 
38.6666666666667 0.0846853637695313 0.0161996887207031 0 17.2979736328125 17.3988586853027 0 0.0578547127124937 0.0161359959933453 0.926009291294161 
38.8333333333333 0.085078125 0.0161983795166016 0 17.2996948242188 17.4009713287354 0 0.0578601363175831 0.0162107396149949 0.925929124067422 
39 1.52403442382812 0.0114068939208984 2.38634033203125 35.0141967773438 38.935978427124 0.00807320858842804 0.109635034922825 0.271859101491765 0.610432654996982 
39.1666666666667 2.68669830322266 0.00753587951660156 4.70418090820312 52.3138916015625 59.7123066925049 0.014982014479739 0.154203639721364 0.4511702003521 0.379644145446797 
39.3333333333333 0.0857125854492188 0.0161959625244141 0 17.4218994140625 17.5238079620361 0 0.0582460582345494 0.0163252388076879 0.925428702957763 
39.5 0.0850177001953125 0.0161985809326172 0 17.4046875 17.5059037811279 0 0.0581908581885563 0.0161935398479626 0.925615601963481 
39.6666666666667 0.0847457885742188 0.0161994873046875 0 17.4201782226563 17.5211234985352 0 0.0582396335638904 0.0161409121773256 0.925619454258784 
39.8333333333333 0.0851083374023437 0.0161980773925781 0 17.4218994140625 17.5232058288574 0 0.0582457230652373 0.0162100574861464 0.925544219448616 
40 0.23517333984375 0.0156977600097656 1.52133178710938 17.2411743164063 19.0133772033691 0.00546870526255512 0.0573612781309053 0.044574242684533 0.892595773922007 
40.1666666666667 0.0851083374023437 0.0161968688964844 0 17.6473754882812 17.7486806945801 0 0.0589591719378953 0.0161989649223692 0.924841863139735 
40.3333333333333 0.084957275390625 0.0161973724365234 0 17.6508178710938 17.7519725189209 0 0.0589699945946568 0.0161700267967016 0.924859978608642 
40.5 0.0851385498046875 0.0161968688964844 0 17.6473754882812 17.7487109069824 0 0.0589588328991783 0.0162046221700853 0.924836544930736 
40.6666666666667 0.0846853637695313 0.0161982788085938 0 17.6473754882812 17.7482591308594 0 0.0589591719378953 0.0161184588844163 0.924922369177688 
40.8333333333333 0.0849874877929688 0.0161973724365234 0 17.6508178710938 17.7520027313232 0 0.058969655497605 0.0161756841457594 0.924854660356636 
41 0.0851385498046875 0.0161968688964844 0 17.6473754882812 17.7487109069824 0 0.0589588328991783 0.0162046221700853 0.924836544930736 
41.1666666666667 1.52110382080078 0.0114163604736328 2.47714233398437 35.4599853515625 39.4696478668213 0.00836628735910473 0.110843892072203 0.270879401716299 0.609910418852393 wE-oB-
41.3333333333333 0.0857730102539063 0.0161944519042969 0 17.6508178710938 17.752785333252 0 0.05897067280046 0.0163254744105808 0.924703852788959 
41.5 0.085078125 0.0161969696044922 0 17.6473754882812 17.7486505828857 0 0.0589591719378953 0.0161932144910868 0.924847613571018 
41.6666666666667 0.0846853637695313 0.0161982788085938 0 17.6473754882812 17.7482591308594 0 0.0589591719378953 0.0161184588844163 0.924922369177688 
41.8333333333333 0.084957275390625 0.0161972717285156 0 17.6508178710938 17.7519724182129 0 0.0589703336956084 0.0161701197807948 0.924859546523597 
42 0.235324401855469 0.0156967529296875 1.52770385742187 16.9864379882813 18.7651630004883 0.00549630045678326 0.0565620325422252 0.0446409637725598 0.893300703228432 
42.1666666666667 0.0848968505859375 0.0161975738525391 0 17.6473754882812 17.7484699127197 0 0.0589591719378953 0.0161587119033928 0.924882116158712 
42.3333333333333 0.0849874877929688 0.0161973724365234 0 17.6508178710938 17.7520027313232 0 0.058969655497605 0.0161756841457594 0.924854660356636 
42.5 0.0851385498046875 0.0161968688964844 0 17.6473754882812 17.7487109069824 0 0.0589588328991783 0.0162046221700853 0.924836544930736 
42.6666666666667 0.0846853637695313 0.0161982788085938 0 17.6473754882812 17.7482591308594 0 0.0589591719378953 0.0161184588844163 0.924922369177688 
42.8333333333333 0.0849874877929688 0.0161973724365234 0 17.6508178710938 17.7520027313232 0 0.058969655497605 0.0161756841457594 0.924854660356636 
43 0.0851385498046875 0.0161968688964844 0 17.6473754882812 17.7487109069824 0 0.0589588328991783 0.0162046221700853 0.924836544930736 
43.1666666666667 0.0846853637695313 0.0161982788085938 0 17.6473754882812 17.7482591308594 0 0.0589591719378953 0.0161184588844163 0.924922369177688 
43.3333333333333 2.25100524902344 0.00898486633300781 2.4914794921875 30.134619140625 34.8860887481689 0.00855603271424273 0.0957794250389781 0.407593205503433 0.488071336743346 
43.5 1.60693725585938 0.0111300476074219 1.43690185546875 22.272216796875 25.3271859558105 0.00508031630882916 0.0728816995967288 0.299569693829274 0.622468290265168 
43.6666666666667 0.08531982421875 0.0161970703125 0 17.659423828125 17.7609407226563 0 0.0589939971020493 0.0162377239586927 0.924768278939258 
43.8333333333333 0.0851385498046875 0.0161974731445313 0 17.6559814453125 17.7573174682617 0 0.0589838539031234 0.0162035972215833 0.924812548875293 
44 0.235233764648438 0.0156972564697266 1.52611083984375 17.06044921875 18.8374910797119 0.00548918493052571 0.0567941555651053 0.0446125196963186 0.89310413980805 
44.1666666666667 0.0848968505859375 0.0161975738525391 0 17.6473754882812 17.7484699127197 0 0.0589591719378953 0.0161587119033928 0.924882116158712 
44.3333333333333 0.0849874877929688 0.0161973724365234 0 17.6508178710938 17.7520027313232 0 0.058969655497605 0.0161756841457594 0.924854660356636 
44.5 0.0851385498046875 0.0161968688964844 0 17.6473754882812 17.7487109069824 0 0.0589588328991783 0.0162046221700853 0.924836544930736 
44.6666666666667 0.0846853637695313 0.0161982788085938 0 17.6473754882812 17.7482591308594 0 0.0589591719378953 0.0161184588844163 0.924922369177688 
44.8333333333333 0.0849874877929688 0.0161973724365234 0 17.6508178710938 17.7520027313232 0 0.058969655497605 0.0161756841457594 0.924854660356636 
45 0.0851385498046875 0.0161968688964844 0 17.6473754882812 17.7487109069824 0 0.0589588328991783 0.0162046221700853 0.924836544930736 
45.1666666666667 0.0846853637695313 0.0161982788085938 0 17.6473754882812 17.7482591308594 0 0.0589591719378953 0.0161184588844163 0.924922369177688 
45.3333333333333 0.0849874877929688 0.0161973724365234 0 17.6508178710938 17.7520027313232 0 0.058969655497605 0.0161756841457594 0.924854660356636 
45.5 1.23088348388672 0.0123823516845703 1.38592529296875 25.0226806640625 27.6518717926025 0.00485756719634622 0.0811716228741164 0.227473730053266 0.686497079876272 
45.6666666666667 0.0853500366210938 0.0161972717285156 0 17.4218994140625 17.5234467224121 0 0.0582457230652373 0.0162560924381837 0.925498184496579 
45.8333333333333 0.0849874877929688 0.0161983795166016 0 17.4046875 17.5058733673096 0 0.0581918628071589 0.0161880646832019 0.925620072509639 
46 0.235294189453125 0.0156969543457031 1.52611083984375 17.08798828125 18.8650902648926 0.00548871318895382 0.0568809441961728 0.0446201443795119 0.893010198235362 
46.1666666666667 0.0848968505859375 0.0161975738525391 0 17.6473754882812 17.7484699127197 0 0.0589591719378953 0.0161587119033928 0.924882116158712 
46.3333333333333 0.0849874877929688 0.0161973724365234 0 17.6508178710938 17.7520027313232 0 0.058969655497605 0.0161756841457594 0.924854660356636 
46.5 0.0851385498046875 0.0161968688964844 0 17.6473754882812 17.7487109069824 0 0.0589588328991783 0.0162046221700853 0.924836544930736 
46.6666666666667 0.0846853637695313 0.0161982788085938 0 17.6473754882812 17.7482591308594 0 0.0589591719378953 0.0161184588844163 0.924922369177688 
46.8333333333333 0.0849874877929688 0.0161973724365234 0 17.6508178710938 17.7520027313232 0 0.058969655497605 0.0161756841457594 0.924854660356636 
47 0.0851385498046875 0.0161968688964844 0 17.6473754882812 17.7487109069824 0 0.0589588328991783 0.0162046221700853 0.924836544930736 
47.1666666666667 0.0846853637695313 0.0161982788085938 0 17.6473754882812 17.7482591308594 0 0.0589591719378953 0.0161184588844163 0.924922369177688 
47.3333333333333 0.0849874877929688 0.0161973724365234 0 17.6508178710938 17.7520027313232 0 0.058969655497605 0.0161756841457594 0.924854660356636 
47.5 0.2441162109375 0.0156670440673828 0.281964111328125 18.9176147460938 19.4593621124268 0.0010124873439082 0.0628714598694635 0.0462197612360354 0.889896291550593 
47.6666666666667 0.0851083374023437 0.0161968688964844 0 17.6473754882812 17.7486806945801 0 0.0589591719378953 0.0161989649223692 0.924841863139735 
47.8333333333333 0.084957275390625 0.0161972717285156 0 17.6508178710938 17.7519724182129 0 0.0589703336956084 0.0161701197807948 0.924859546523597 
48 0.235294189453125 0.0156968536376953 1.52611083984375 16.9812744140625 18.7583762969971 0.00549069504863105 0.0565461350206617 0.0446362557815643 0.893326914149143 
48.1666666666667 0.08483642578125 0.0161983795166016 0 17.6473754882812 17.7484102935791 0 0.0589571377640794 0.0161466539394845 0.924896208296436 
48.3333333333333 0.0848666381835937 0.0161985809326172 0 17.6508178710938 17.75188309021 0 0.0589669428615786 0.0161519397852925 0.924881117353129 
48.5 0.0850177001953125 0.0161979766845703 0 17.6473754882812 17.7485911651611 0 0.0589564597373324 0.0161809692481082 0.924862571014559 
48.6666666666667 0.0845645141601563 0.0161995880126953 0 17.6473754882812 17.7481395904541 0 0.058956120729807 0.0160946242000127 0.92494925507018 
48.8333333333333 0.0848666381835937 0.0161985809326172 0 17.6508178710938 17.75188309021 0 0.0589669428615786 0.0161519397852925 0.924881117353129 
49 1.49759857177734 0.0116424499511719 1.75709838867187 27.6440551757812 30.9103945861816 0.00604917214638668 0.0880831857145208 0.271850783430862 0.63401685870823 
49.1666666666667 2.75274261474609 0.00740113220214844 3.77704467773437 42.1795166015625 48.7167050262451 0.0123824295883142 0.127981366297439 0.475833111379197 0.383803092735049 
49.3333333333333 0.337774658203125 0.0151185882568359 0.240545654296875 17.5182861328125 18.1117250335693 0.000879789316677543 0.0593012957956558 0.0651393679500326 0.874679546937634 
49.5 0.3441796875 0.0153331970214844 0.259661865234375 18.87802734375 19.4972020935059 0.000932616991938298 0.0627542525618359 0.065180201056203 0.871132929390023 
49.6666666666667 0.0853500366210938 0.0161963653564453 0 17.6473754882812 17.7489218902588 0 0.0589581548334416 0.0162446881307396 0.924797157035819 
49.8333333333333 0.085078125 0.0161970703125 0 17.6473754882812 17.7486506835937 0 0.0589588328991783 0.0161931213736551 0.924848045727167 
50 0.235203552246094 0.0156971557617188 1.52133178710938 17.1206909179688 18.8929234130859 0.00547105496834809 0.0569849044713701 0.0445991234854344 0.892944917074847 
50.1666666666667 0.0849270629882812 0.0161974731445313 0 17.6473754882812 17.7485000244141 0 0.0589591719378953 0.0161644623346751 0.92487636572743 
50.3333333333333 0.0849874877929688 0.0161973724365234 0 17.6508178710938 17.7520027313232 0 0.058969655497605 0.0161756841457594 0.924854660356636 
50.5 0.0851385498046875 0.0161968688964844 0 17.6473754882812 17.7487109069824 0 0.0589588328991783 0.0162046221700853 0.924836544930736 
50.6666666666667 0.0846853637695313 0.0161982788085938 0 17.6473754882812 17.7482591308594 0 0.0589591719378953 0.0161184588844163 0.924922369177688 
50.8333333333333 0.0849874877929688 0.0161973724365234 0 17.6508178710938 17.7520027313232 0 0.058969655497605 0.0161756841457594 0.924854660356636 
51 1.13190765380859 0.0127121704101563 2.16968994140625 35.4169555664063 38.7312653320312 0.00733709705223237 0.110848345112912 0.2018240389588 0.679990518876056 
51.1666666666667 2.68071624755859 0.00755612182617187 4.27884521484375 46.4583984375 53.4255160217285 0.0138856578627667 0.139538971344676 0.458697146874693 0.387878223917865 
51.3333333333333 1.25994781494141 0.0122856719970703 2.00401611328125 31.9143310546875 35.1905806549072 0.00685573527488338 0.101048524218512 0.227269259275407 0.664826481231198 
51.5 0.0858636474609375 0.0161946533203125 0 17.6508178710938 17.752876171875 0 0.0589689773152008 0.0163422558293321 0.924688766855467 
51.6666666666667 0.0847457885742188 0.0161984802246094 0 17.6473754882812 17.7483197570801 0 0.0589578158064219 0.0161295887386144 0.924912595454964 
51.8333333333333 0.085078125 0.0161970703125 0 17.6473754882812 17.7486506835937 0 0.0589588328991783 0.0161931213736551 0.924848045727167 
52 0.23517333984375 0.0156973571777344 1.52133178710938 17.1189697265625 18.8911722106934 0.00547105496834809 0.0569791756180001 0.0445933946320644 0.892956374781588 
52.1666666666667 0.0848968505859375 0.0161975738525391 0 17.6473754882812 17.7484699127197 0 0.0589591719378953 0.0161587119033928 0.924882116158712 
52.3333333333333 0.0849874877929688 0.0161973724365234 0 17.6508178710938 17.7520027313232 0 0.058969655497605 0.0161756841457594 0.924854660356636 
52.5 0.0851385498046875 0.0161968688964844 0 17.6473754882812 17.7487109069824 0 0.0589588328991783 0.0162046221700853 0.924836544930736 
52.6666666666667 0.0846853637695313 0.0161982788085938 0 17.6473754882812 17.7482591308594 0 0.0589591719378953 0.0161184588844163 0.924922369177688 
52.8333333333333 0.0849874877929688 0.0161973724365234 0 17.6508178710938 17.7520027313232 0 0.058969655497605 0.0161756841457594 0.924854660356636 
53 0.0851385498046875 0.0161968688964844 0 17.6473754882812 17.7487109069824 0 0.0589588328991783 0.0162046221700853 0.924836544930736 
53.1666666666667 0.0846853637695313 0.0161982788085938 0 17.6473754882812 17.7482591308594 0 0.0589591719378953 0.0161184588844163 0.924922369177688 
