0 0.235505676269531 0.0156949401855469 1.52451782226562 16.9726684570313 18.748386895752 0.00548552955135591 0.0565233092015889 0.044680985217157 0.893310176029898 
0.166666666666667 0.0896401977539062 0.0161818634033203 0 17.8005615234375 17.9063835845947 0 0.0594401977125122 0.0170527041784011 0.923507098109087 
0.333333333333333 0.215595703125 0.0157643280029297 0.575079345703125 23.8505493164063 24.6569886932373 0.00202935538453755 0.0778968907577197 0.0401149031137395 0.879958850744003 
0.5 0.708118286132812 0.0141229888916016 0.632427978515625 19.9486083984375 21.3032776519775 0.0022600220878733 0.0659789823638579 0.133426694447291 0.798334301100978 
0.666666666666667 0.338016357421875 0.0153554534912109 0.211871337890625 17.9640747070313 18.529317855835 0.000763345634868251 0.0599025442941349 0.0642128643827518 0.875121245688245 
0.833333333333333 0.0840811157226563 0.0162003936767578 0 17.7265502929688 17.8268318023682 0 0.0592076896985863 0.0159991261706152 0.924793184130798 
1 0.21342041015625 0.0157698669433594 0.1338134765625 18.182666015625 18.5456697692871 0.000481922181042099 0.0606074514348659 0.0405273605581118 0.89838326582598 
1.16666666666667 0.0836279296875 0.0162032135009766 0 17.3582153320312 17.4580464752197 0 0.058044501743925 0.015931302015586 0.926024196240489 
1.33333333333333 0.0838092041015625 0.0162026092529297 0 17.3719848632812 17.4719966766357 0 0.0580878713583572 0.0159651000840268 0.925947028557616 
1.5 0.0838092041015625 0.0162026092529297 0 17.3547729492187 17.4547847625732 0 0.0580336587162722 0.0159660189704393 0.926000322313289 
1.66666666666667 0.0836279296875 0.0162032135009766 0 17.3582153320312 17.4580464752197 0 0.058044501743925 0.015931302015586 0.926024196240489 
1.83333333333333 0.0840206909179688 0.016201904296875 0 17.3599365234375 17.4601591186523 0 0.058049923164141 0.0160060317588217 0.925944045077037 
2 0.22888916015625 0.0157197143554688 1.465576171875 16.6525268554688 18.3627119018555 0.00527937657448799 0.0555195308240992 0.0434745184003489 0.895726574201064 
2.16666666666667 0.0838394165039062 0.0162025085449219 0 17.3461669921875 17.4462089172363 0 0.0580065500549675 0.015972234213389 0.926021215731643 
2.33333333333333 0.0840206909179688 0.016201904296875 0 17.3599365234375 17.4601591186523 0 0.058049923164141 0.0160060317588217 0.925944045077037 
2.5 1.23324005126953 0.0123746978759766 1.09121704101562 21.1224609375 23.4592927276611 0.00387765846037146 0.0694695250009906 0.231068818531245 0.695583998007393 
2.66666666666667 0.0844436645507813 0.01620029296875 0 17.4218994140625 17.522543371582 0 0.0582457230652373 0.0160834613680437 0.925670815566719 
2.83333333333333 0.0841415405273438 0.0162011993408203 0 17.4046875 17.5050302398682 0 0.0581918628071589 0.0160269321516948 0.925781205041146 
3 0.0842926025390625 0.0162006958007813 0 17.4201782226563 17.5206715209961 0 0.058240638972488 0.0160548742943624 0.92570448673315 
3.16666666666667 0.08386962890625 0.0162022064208984 0 17.4218994140625 17.5219712493897 0 0.0582457230652373 0.015974128356955 0.925780148577808 
3.33333333333333 0.0841415405273438 0.0162011993408203 0 17.4046875 17.5050302398682 0 0.0581918628071589 0.0160269321516948 0.925781205041146 
3.5 0.0842926025390625 0.0162006958007813 0 17.4201782226563 17.5206715209961 0 0.058240638972488 0.0160548742943624 0.92570448673315 
3.66666666666667 0.08386962890625 0.0162022064208984 0 17.4218994140625 17.5219712493897 0 0.0582457230652373 0.015974128356955 0.925780148577808 
3.83333333333333 0.0841415405273438 0.0162011993408203 0 17.4046875 17.5050302398682 0 0.0581918628071589 0.0160269321516948 0.925781205041146 
4 0.234478454589844 0.0156997741699219 1.52611083984375 17.081103515625 18.8573925842285 0.00548880753078144 0.0568590041080115 0.0444662163323536 0.893185972028854 
4.16666666666667 0.0840509033203125 0.0162003936767578 0 17.6473754882812 17.7476267852783 0 0.0589591719378953 0.0159976998274871 0.925043128234618 
4.33333333333333 0.214598693847656 0.0157666442871094 0.1083251953125 17.8367065429687 18.175397076416 0.000390598074581256 0.059525997748317 0.040800266525745 0.899283137651357 
4.5 0.0845040893554687 0.0161999908447266 0 17.4201782226563 17.5208823028564 0 0.058240638972488 0.0160951553409791 0.925664205686533 
4.66666666666667 0.08386962890625 0.0162022064208984 0 17.4218994140625 17.5219712493897 0 0.0582457230652373 0.015974128356955 0.925780148577808 
4.83333333333333 0.0841415405273438 0.0162011993408203 0 17.4046875 17.5050302398682 0 0.0581918628071589 0.0160269321516948 0.925781205041146 
5 0.0842926025390625 0.0162005950927734 0 17.4201782226563 17.5206714202881 0 0.0582409741164014 0.0160549666816283 0.92570405920197 
5.16666666666667 0.08386962890625 0.0162022064208984 0 17.4218994140625 17.5219712493897 0 0.0582457230652373 0.015974128356955 0.925780148577808 
5.33333333333333 0.0841415405273438 0.0162011993408203 0 17.4046875 17.5050302398682 0 0.0581918628071589 0.0160269321516948 0.925781205041146 
5.5 0.0842926025390625 0.0162006958007813 0 17.4201782226563 17.5206715209961 0 0.058240638972488 0.0160548742943624 0.92570448673315 
5.66666666666667 0.08386962890625 0.0162022064208984 0 17.4218994140625 17.5219712493897 0 0.0582457230652373 0.015974128356955 0.925780148577808 
5.83333333333333 0.0841415405273438 0.0162011993408203 0 17.4046875 17.5050302398682 0 0.0581918628071589 0.0160269321516948 0.925781205041146 
6 0.234478454589844 0.0156997741699219 1.52611083984375 17.08798828125 18.8642773498535 0.00548868174239863 0.0568806183074464 0.0444651972888891 0.893165502661266 
6.16666666666667 0.0840509033203125 0.01620029296875 0 17.6473754882812 17.7476266845703 0 0.0589595109805117 0.0159977918216896 0.925042697197799 
6.33333333333333 0.0841415405273438 0.0162001922607422 0 17.6508178710938 17.7511596038818 0 0.058969655497605 0.0160146748474724 0.925015669654923 
6.5 0.214810180664063 0.0157650329589844 0.1083251953125 18.4907592773437 18.8296596862793 0.000389767457856394 0.06157752646693 0.0407536268435141 0.8972790792317 
6.66666666666667 0.0840509033203125 0.0162003936767578 0 17.6473754882812 17.7476267852783 0 0.0589591719378953 0.0159976998274871 0.925043128234618 
6.83333333333333 0.084111328125 0.0162000915527344 0 17.6508178710938 17.7511292907715 0 0.0589703336956084 0.0160091086307727 0.925020557673619 
7 0.084232177734375 0.0161997894287109 0 17.6473754882812 17.7478074554443 0 0.0589591719378953 0.0160322024151811 0.925008625646924 
7.16666666666667 0.0838394165039062 0.0162010986328125 0 17.6473754882812 17.747416003418 0 0.0589591719378953 0.0159574468085106 0.925083381253594 
7.33333333333333 0.084111328125 0.0162000915527344 0 17.6508178710938 17.7511292907715 0 0.0589703336956084 0.0160091086307727 0.925020557673619 
7.5 0.084232177734375 0.0161997894287109 0 17.6473754882812 17.7478074554443 0 0.0589591719378953 0.0160322024151811 0.925008625646924 
7.66666666666667 0.0838394165039062 0.0162009979248047 0 17.6473754882812 17.74741590271 0 0.0589595109805117 0.0159575385712396 0.925082950448249 
7.83333333333333 0.084111328125 0.0161999908447266 0 17.6508178710938 17.7511291900635 0 0.05897067280046 0.0160092006900518 0.925020126509488 
8 0.234478454589844 0.0156995727539063 1.52611083984375 16.9812744140625 18.75756328125 0.00549069504863105 0.0565461350206617 0.0444815075912584 0.893481662339449 
8.16666666666667 0.0840811157226563 0.01620029296875 0 17.6473754882812 17.7476568969727 0 0.0589591719378953 0.0160034502587694 0.925037377803335 
8.33333333333333 1.24405609130859 0.0123380401611328 1.5484130859375 26.4185668945313 29.2233741119385 0.00539967002016543 0.0852670114604108 0.228747132119704 0.68058618639972 
8.5 0.0848666381835937 0.0161976745605469 0 17.6473754882812 17.7484398010254 0 0.0589591719378953 0.0161529614721104 0.924887866589994 
8.66666666666667 0.0838394165039062 0.0162010986328125 0 17.6473754882812 17.747416003418 0 0.0589591719378953 0.0159574468085106 0.925083381253594 
8.83333333333333 0.084111328125 0.0162000915527344 0 17.6508178710938 17.7511292907715 0 0.0589703336956084 0.0160091086307727 0.925020557673619 
9 0.084232177734375 0.0161996887207031 0 17.6473754882812 17.7478073547363 0 0.0589595109805117 0.0160322946077896 0.925008194411699 
9.16666666666667 0.0838394165039062 0.0162009979248047 0 17.6473754882812 17.74741590271 0 0.0589595109805117 0.0159575385712396 0.925082950448249 
9.33333333333333 0.0841415405273438 0.0161999908447266 0 17.6508178710938 17.7511594024658 0 0.0589703336956084 0.0160148590289878 0.925014807275404 
9.5 0.084232177734375 0.0161996887207031 0 17.6473754882812 17.7478073547363 0 0.0589595109805117 0.0160322946077896 0.925008194411699 
9.66666666666667 0.0838394165039062 0.0162009979248047 0 17.6473754882812 17.74741590271 0 0.0589595109805117 0.0159575385712396 0.925082950448249 
9.83333333333333 0.0841415405273438 0.0161999908447266 0 17.6508178710938 17.7511594024658 0 0.0589703336956084 0.0160148590289878 0.925014807275404 
10 0.234508666992188 0.0156994720458984 1.52611083984375 16.9864379882813 18.7627569671631 0.00549060064190738 0.0565623567171022 0.0444864740944521 0.893460568546538 
10.1666666666667 0.0840811157226563 0.01620029296875 0 17.6473754882812 17.7476568969727 0 0.0589591719378953 0.0160034502587694 0.925037377803335 
10.3333333333333 0.0841415405273438 0.0162000915527344 0 17.6508178710938 17.7511595031738 0 0.0589699945946568 0.0160147669377005 0.925015238467643 
10.5 0.215595703125 0.0157625152587891 0.540032958984375 23.580322265625 24.3517134429932 0.00190779551133422 0.0770997006055422 0.0401593768993539 0.88083312698377 
10.6666666666667 0.084473876953125 0.0161989837646484 0 17.6473754882812 17.748048348999 0 0.0589591719378953 0.0160782058654399 0.924962622196665 
10.8333333333333 0.0843228149414063 0.0161995880126953 0 17.6508178710938 17.7513402740479 0 0.058969655497605 0.0160491768399625 0.924981167662433 
11 0.0844436645507813 0.0161991851806641 0 17.6473754882812 17.7480183380127 0 0.0589588328991783 0.0160723630111385 0.924968804089683 
11.1666666666667 0.0838998413085938 0.0162018035888672 0 17.6473754882812 17.7474771331787 0 0.058956120729807 0.0159681212588193 0.925075758011374 
11.3333333333333 0.0842019653320313 0.0162007965087891 0 17.6508178710938 17.7512206329346 0 0.0589669428615786 0.0160254382989 0.925007618839521 
11.5 0.08435302734375 0.0162001922607422 0 17.6473754882812 17.7479287078857 0 0.0589564597373324 0.0160544655795018 0.924989074683166 
11.6666666666667 0.0839300537109375 0.0162017028808594 0 17.6473754882812 17.747507244873 0 0.058956120729807 0.0159738713925099 0.925070007877683 
11.8333333333333 0.0841717529296875 0.0162007965087891 0 17.6508178710938 17.7511904205322 0 0.0589672819274337 0.0160197803461561 0.92501293772641 
12 0.234599304199219 0.0156999755859375 1.5229248046875 17.2515014648437 19.0247255493164 0.00547411818598259 0.0573923499770957 0.0444628950984883 0.892670636738433 
12.1666666666667 0.08435302734375 0.01620029296875 0 17.6473754882812 17.7479288085937 0 0.058956120729807 0.0160543732641784 0.924989506006015 
12.3333333333333 0.084232177734375 0.0162006958007813 0 17.6508178710938 17.7512507446289 0 0.0589669428615786 0.0160311883664633 0.925001868771958 
12.5 0.0843832397460938 0.0162000915527344 0 17.6473754882812 17.7479588195801 0 0.0589564597373324 0.0160602157462566 0.924983324516411 
12.6666666666667 2.14408355712891 0.00934096984863281 3.46322021484375 44.2828125 49.8994572418213 0.0113452526327875 0.134264332905408 0.370348916095229 0.484041498366576 
12.8333333333333 0.849482116699219 0.0139612518310547 1.52451782226562 30.5390991210938 32.9270603118896 0.00516047625210302 0.0956764160303697 0.151616625684828 0.747546482032699 
13 0.99894287109375 0.0128420837402344 1.745947265625 30.74736328125 33.505095501709 0.00610442124962404 0.0994976105869379 0.184157467333549 0.710240500829889 
13.1666666666667 0.196531677246094 0.0158263641357422 0.1210693359375 18.1654541015625 18.4988814788818 0.000436064858910067 0.0605556384333796 0.0373237093053946 0.901684587402316 
13.3333333333333 0.0848666381835937 0.0161985809326172 0 17.4236206054687 17.524685824585 0 0.05825214784295 0.0161642085637505 0.9255836435933 
13.5 0.0845947265625 0.0161997894287109 0 17.4064086914062 17.5072032073975 0 0.0581969477246047 0.016113067697903 0.925689984577492 
13.6666666666667 0.0842623901367188 0.0162006958007813 0 17.4236206054687 17.5240836914062 0 0.0582518126366671 0.0160490275060421 0.925699159857291 
13.8333333333333 0.0846853637695313 0.0161992858886719 0 17.4236206054687 17.524505255127 0 0.0582518126366671 0.0161295891356888 0.925618598227644 
14 0.234750366210937 0.0156990692138672 1.5229248046875 16.9761108398437 18.7494850799561 0.00547926362365024 0.0565292647699397 0.0445333455604209 0.893458126045989 
14.1666666666667 0.0844436645507813 0.0161990844726562 0 17.6473754882812 17.7480182373047 0 0.0589591719378953 0.0160724554341576 0.924968372627947 
14.3333333333333 0.0845343017578125 0.0161988830566406 0 17.6508178710938 17.7515510559082 0 0.058969655497605 0.0160894291645343 0.924940915337861 
14.5 0.0846853637695313 0.0161983795166016 0 17.6473754882812 17.7482592315674 0 0.0589588328991783 0.0161183661968591 0.924922800903963 
14.6666666666667 0.084232177734375 0.0161997894287109 0 17.6473754882812 17.7478074554443 0 0.0589591719378953 0.0160322024151811 0.925008625646924 
14.8333333333333 0.2170458984375 0.0157574798583984 0.3249755859375 21.1740966796875 21.7318756439209 0.00115805786883292 0.069835430894032 0.0407818025965474 0.888224708640588 
15 0.085078125 0.0161969696044922 0 17.6473754882812 17.7486505828857 0 0.0589591719378953 0.0161932144910868 0.924847613571018 
15.1666666666667 0.084232177734375 0.0161997894287109 0 17.6473754882812 17.7478074554443 0 0.0589591719378953 0.0160322024151811 0.925008625646924 
15.3333333333333 0.0845040893554687 0.0161987823486328 0 17.6508178710938 17.7515207427979 0 0.0589703336956084 0.0160838638075687 0.924945802496823 
15.5 0.0846551513671875 0.0161983795166016 0 17.6473754882812 17.748229019165 0 0.0589591719378953 0.016112708453134 0.924928119608971 
15.6666666666667 0.084473876953125 0.0161989837646484 0 17.6473754882812 17.748048348999 0 0.0589591719378953 0.0160782058654399 0.924962622196665 
15.8333333333333 0.0847457885742188 0.0161979766845703 0 17.6508178710938 17.7517616363525 0 0.0589703336956084 0.0161298669932893 0.924899799311102 
16 0.235112915039063 0.0156974578857422 1.52611083984375 16.9812744140625 18.7581956268311 0.00549069504863105 0.0565461350206617 0.0446018672948297 0.893361302635878 
16.1666666666667 0.0846853637695313 0.0161982788085938 0 17.6473754882812 17.7482591308594 0 0.0589591719378953 0.0161184588844163 0.924922369177688 
16.3333333333333 0.0847457885742188 0.0161980773925781 0 17.6508178710938 17.7517617370605 0 0.0589699945946568 0.0161297742406643 0.924900231164679 
16.5 0.0848968505859375 0.0161975738525391 0 17.6473754882812 17.7484699127197 0 0.0589591719378953 0.0161587119033928 0.924882116158712 
16.6666666666667 0.0844436645507813 0.0161989837646484 0 17.6473754882812 17.7480181365967 0 0.0589595109805117 0.0160725478582396 0.924967941161249 
16.8333333333333 0.717393493652344 0.0140911651611328 1.01475219726562 25.280859375 27.0270962310791 0.00355883815387366 0.0820599918431653 0.132660301355934 0.781720868647027 
17 0.0854708862304688 0.0161956604003906 0 17.6473754882812 17.7490420349121 0 0.0589591719378953 0.0162679700977573 0.924772857964347 
17.1666666666667 0.084473876953125 0.0161989837646484 0 17.6473754882812 17.748048348999 0 0.0589591719378953 0.0160782058654399 0.924962622196665 
17.3333333333333 0.084715576171875 0.0161979766845703 0 17.6508178710938 17.7517314239502 0 0.05897067280046 0.0161242093156987 0.924905117883841 
17.5 0.08483642578125 0.0161976745605469 0 17.6473754882812 17.748409588623 0 0.0589595109805117 0.0161473038947895 0.924893185124699 
17.6666666666667 0.084473876953125 0.0161989837646484 0 17.6473754882812 17.748048348999 0 0.0589591719378953 0.0160782058654399 0.924962622196665 
17.8333333333333 0.0847457885742188 0.0161979766845703 0 17.6508178710938 17.7517616363525 0 0.0589703336956084 0.0161298669932893 0.924899799311102 
18 0.229825744628906 0.0157160888671875 1.47035522460937 16.6731811523438 18.3890782104492 0.00529628800789566 0.0555852025270696 0.0436499056078681 0.895468603857167 
18.1666666666667 0.0846853637695313 0.0161996887207031 0 17.2979736328125 17.3988586853027 0 0.0578547127124937 0.0161359959933453 0.926009291294161 
18.3333333333333 0.0848666381835937 0.0161990844726562 0 17.3117431640625 17.4128088867188 0 0.0578980998048573 0.0161697914448045 0.925932108750338 
18.5 0.972748718261719 0.0132417938232422 1.26485595703125 25.8488525390625 28.0996990081787 0.00442349690243794 0.0836676026206712 0.179374470740295 0.732534429736596 
18.6666666666667 0.0851385498046875 0.0161979766845703 0 17.4218994140625 17.5232359405518 0 0.0582457230652373 0.016215811855151 0.925538465079612 
18.8333333333333 0.0847760009765625 0.0161990844726562 0 17.4046875 17.5056625854492 0 0.0581918628071589 0.0161477815503251 0.925660355642516 
19 0.0849270629882812 0.0161985809326172 0 17.4201782226563 17.5213038665771 0 0.058240638972488 0.0161757174342124 0.9255836435933 
19.1666666666667 0.0845040893554687 0.0162000915527344 0 17.4218994140625 17.5226035949707 0 0.0582457230652373 0.016094970106053 0.92565930682871 
19.3333333333333 0.0847760009765625 0.0161990844726562 0 17.4046875 17.5056625854492 0 0.0581918628071589 0.0161477815503251 0.925660355642516 
19.5 0.0849270629882812 0.0161985809326172 0 17.4201782226563 17.5213038665771 0 0.058240638972488 0.0161757174342124 0.9255836435933 
19.6666666666667 0.0845040893554687 0.0162000915527344 0 17.4218994140625 17.5226035949707 0 0.0582457230652373 0.016094970106053 0.92565930682871 
19.8333333333333 0.0847760009765625 0.0161990844726562 0 17.4046875 17.5056625854492 0 0.0581918628071589 0.0161477815503251 0.925660355642516 
20 0.235112915039063 0.0156976593017578 1.52611083984375 17.081103515625 18.8580249298096 0.00548880753078144 0.0568590041080115 0.0445865346602726 0.893065653700934 
20.1666666666667 0.0846853637695313 0.0161982788085938 0 17.6473754882812 17.7482591308594 0 0.0589591719378953 0.0161184588844163 0.924922369177688 
20.3333333333333 0.0847760009765625 0.0161980773925781 0 17.6508178710938 17.7517919494629 0 0.058969655497605 0.0161354318211877 0.924894912681207 
20.5 0.215021667480469 0.0157643280029297 0.106732177734375 18.05185546875 18.3893736419678 0.000384599929968371 0.0602042397837056 0.0408536970385805 0.898557463247746 
20.6666666666667 0.084715576171875 0.0161993865966797 0 17.4218994140625 17.5228143768311 0 0.0582457230652373 0.0161352506890857 0.925619026245677 
20.8333333333333 0.0847760009765625 0.0161990844726562 0 17.4046875 17.5056625854492 0 0.0581918628071589 0.0161477815503251 0.925660355642516 
21 0.0849270629882812 0.0161985809326172 0 17.4201782226563 17.5213038665771 0 0.058240638972488 0.0161757174342124 0.9255836435933 
21.1666666666667 0.0845040893554687 0.0162000915527344 0 17.4218994140625 17.5226035949707 0 0.0582457230652373 0.016094970106053 0.92565930682871 
21.3333333333333 0.0847760009765625 0.0161990844726562 0 17.4046875 17.5056625854492 0 0.0581918628071589 0.0161477815503251 0.925660355642516 
21.5 0.0849270629882812 0.0161985809326172 0 17.4201782226563 17.5213038665771 0 0.058240638972488 0.0161757174342124 0.9255836435933 
21.6666666666667 0.0845040893554687 0.0162000915527344 0 17.4218994140625 17.5226035949707 0 0.0582457230652373 0.016094970106053 0.92565930682871 
21.8333333333333 0.0847760009765625 0.0161990844726562 0 17.4046875 17.5056625854492 0 0.0581918628071589 0.0161477815503251 0.925660355642516 
22 0.235112915039063 0.0156976593017578 1.52611083984375 17.08798828125 18.8649096954346 0.00548868174239863 0.0568806183074464 0.0445855128594428 0.893045187090712 
22.1666666666667 0.0846853637695313 0.0161982788085938 0 17.6473754882812 17.7482591308594 0 0.0589591719378953 0.0161184588844163 0.924922369177688 
22.3333333333333 0.0847760009765625 0.0161980773925781 0 17.6508178710938 17.7517919494629 0 0.058969655497605 0.0161354318211877 0.924894912681207 
22.5 2.01773529052734 0.0100748291015625 3.35011596679687 44.4170654296875 49.7949915161133 0.0107993468012776 0.132519231361755 0.342955005289266 0.513726416547701 
22.6666666666667 1.37865234375 0.0115778961181641 2.13305053710937 31.35322265625 34.8765034332275 0.00743261246058884 0.101114614325681 0.253297215684533 0.638155557529198 
22.8333333333333 0.0857427978515625 0.0161957611083984 0 17.4236206054687 17.5255591644287 0 0.0582518126366671 0.0163309932098055 0.925417194153527 
23 0.08483642578125 0.0161989837646484 0 17.4064086914062 17.5074441009521 0 0.0581969477246047 0.0161591050341827 0.925643947241213 
23.1666666666667 0.0845040893554687 0.0161998901367187 0 17.4236206054687 17.5243245849609 0 0.0582518126366671 0.0160950627229831 0.92565312464035 
23.3333333333333 0.0849270629882812 0.0161984802246094 0 17.4236206054687 17.5247461486816 0 0.0582518126366671 0.0161756243526298 0.925572563010703 
23.5 0.08483642578125 0.0161989837646484 0 17.4064086914062 17.5074441009521 0 0.0581969477246047 0.0161591050341827 0.925643947241213 
23.6666666666667 0.0845040893554687 0.0161998901367187 0 17.4236206054687 17.5243245849609 0 0.0582518126366671 0.0160950627229831 0.92565312464035 
23.8333333333333 0.08483642578125 0.0161984802246094 0 17.4236206054687 17.5246555114746 0 0.0582528182670894 0.0161586400962153 0.925588541636695 
24 0.234871215820313 0.015699169921875 1.52133178710938 16.9743896484375 18.7462918212891 0.00547343806417964 0.0565225614543871 0.0445555052470498 0.893448495234384 
24.1666666666667 0.0845645141601563 0.0161995880126953 0 17.6473754882812 17.7481395904541 0 0.058956120729807 0.0160946242000127 0.92494925507018 
24.3333333333333 0.0846551513671875 0.0161992858886719 0 17.6508178710938 17.7516723083496 0 0.0589669428615786 0.0161116893123494 0.924921367826072 
24.5 0.0848062133789063 0.016198681640625 0 17.6473754882812 17.7483803833008 0 0.0589564597373324 0.0161407180808243 0.924902822181843 
24.6666666666667 0.08435302734375 0.01620029296875 0 17.6473754882812 17.7479288085937 0 0.058956120729807 0.0160543732641784 0.924989506006015 
24.8333333333333 0.470830078125 0.0150174774169922 0.51932373046875 20.9004272460937 21.9055985321045 0.00184001986769918 0.0685379179554331 0.0879597227552886 0.841662339421579 
25 2.39729370117188 0.00839501953125 3.91085815429688 45.2862670898438 51.6028139648438 0.012821584131527 0.137412912458088 0.414406133469818 0.435359369940566 
25.1666666666667 1.22000701904297 0.0124167938232422 1.26007690429687 25.5097778320312 28.0022785491943 0.00441189594395609 0.0826658783633037 0.225229797867119 0.687692427825621 
25.3333333333333 2.66415985107422 0.00763970947265625 4.22627563476562 46.37578125 53.2738564453125 0.0137008231855318 0.139146241956641 0.455390987306211 0.391761947551617 
25.5 0.861990051269531 0.0135828918457031 1.18361206054687 24.3548583984375 26.4140434020996 0.00416718078722139 0.0793615183569081 0.160018620511728 0.756452680344143 
25.6666666666667 0.0852896118164062 0.0161976745605469 0 17.2635498046875 17.3650370910645 0 0.0577462274959555 0.0162530010190511 0.926000771484993 
25.8333333333333 0.085078125 0.0161983795166016 0 17.2996948242188 17.4009713287354 0 0.0578601363175831 0.0162107396149949 0.925929124067422 
26 0.229946594238281 0.0157161895751953 1.465576171875 16.59228515625 18.3035241119385 0.00528043712836054 0.0553297977362996 0.0436841380260349 0.895705627109305 
26.1666666666667 0.0848968505859375 0.0161989837646484 0 17.2859252929687 17.3870211273193 0 0.0578167457283655 0.0161769446875144 0.92600630958412 
26.3333333333333 0.0850479125976563 0.0161983795166016 0 17.301416015625 17.4026623077393 0 0.0578658929722759 0.0162049829603021 0.925929124067422 
26.5 0.0850479125976563 0.0161983795166016 0 17.2842041015625 17.3854503936768 0 0.0578116544426662 0.0162059158789191 0.925982429678415 
26.6666666666667 0.0846551513671875 0.0161996887207031 0 17.2996948242188 17.4005496643066 0 0.0578604694003258 0.0161302393055132 0.926009291294161 
26.8333333333333 0.0850479125976563 0.0161983795166016 0 17.301416015625 17.4026623077393 0 0.0578658929722759 0.0162049829603021 0.925929124067422 
27 0.0850479125976563 0.0161983795166016 0 17.2842041015625 17.3854503936768 0 0.0578116544426662 0.0162059158789191 0.925982429678415 
27.1666666666667 0.0846853637695313 0.0161996887207031 0 17.2979736328125 17.3988586853027 0 0.0578547127124937 0.0161359959933453 0.926009291294161 
27.3333333333333 0.0850479125976563 0.0161984802246094 0 17.301416015625 17.4026624084473 0 0.0578655598602292 0.0162048896743479 0.925929550465423 
27.5 0.450074157714844 0.0149836395263672 0.218243408203125 17.480419921875 18.1637211273193 0.00078747851678134 0.0583768745724911 0.085628229667822 0.855207417242905 oE-wB-
27.6666666666667 0.334360656738281 0.0153676391601563 0.256475830078125 18.8281127929688 19.4343169189453 0.000921247632508025 0.062593340695685 0.0633257611737038 0.873159650498103 
27.8333333333333 0.0841415405273438 0.0162009979248047 0 17.810888671875 17.9112312103271 0 0.0594698972437415 0.0160053791866854 0.924524723569573 
28 0.228526611328125 0.0157192108154297 1.465576171875 17.019140625 18.7289626190186 0.00527344533672668 0.0566780733582102 0.0433568918771746 0.894691589427889 
28.1666666666667 0.0837185668945312 0.0162023071289063 0 17.301416015625 17.4013368896484 0 0.0578675585900396 0.0159521493088937 0.926180292101067 
28.3333333333333 0.083748779296875 0.0162018035888672 0 17.3134643554688 17.4134149383545 0 0.0579068562546773 0.015957630533648 0.926135513211675 
28.5 0.0841717529296875 0.01620029296875 0 17.2910888671875 17.3914609130859 0 0.0578366801768607 0.0160395173176124 0.926123802505527 
28.6666666666667 0.0834768676757813 0.0162027099609375 0 17.3186279296875 17.4183075073242 0 0.0579231260757687 0.0159055453535429 0.926171328570688 
28.8333333333333 0.0844134521484375 0.0161997894287109 0 17.2996948242188 17.4003080657959 0 0.0578628010869065 0.0160848339704325 0.926052364942661 
29 0.0838998413085938 0.0162015014648438 0 17.29453125 17.3946325927734 0 0.0578465293809477 0.0159872424453515 0.926166228173701 
29.1666666666667 0.0834466552734375 0.0162028106689453 0 17.3169067382813 17.4165562042236 0 0.0579177028645114 0.0158998802615824 0.926182416873906 
29.3333333333333 0.0839300537109375 0.0162008972167969 0 17.3186279296875 17.4187588806152 0 0.0579241264175925 0.0159921708594784 0.926083702722929 
29.5 0.0840509033203125 0.0162008972167969 0 17.29453125 17.3947830505371 0 0.0578468624064479 0.0160161197466897 0.926137017846862 
29.6666666666667 0.0833560180664062 0.0162031127929688 0 17.3186279296875 17.4181870605469 0 0.0579231260757687 0.0158825188673271 0.926194355056904 
29.8333333333333 0.0837789916992187 0.0162017028808594 0 17.3186279296875 17.4186086242676 0 0.0579231260757687 0.0159631115690823 0.926113762355149 
30 0.4911328125 0.0148449645996094 1.78577270507812 18.8935180664063 21.185268548584 0.00637801547564861 0.062454483386436 0.0924897587619481 0.838677742375967 
30.1666666666667 2.58778289794922 0.00786177062988281 2.50581665039062 28.9624877929688 34.0639491119385 0.00863725716293831 0.0923961387671729 0.470315949000099 0.42865065506979 
30.3333333333333 1.71666870117188 0.0107626647949219 1.73638916015625 27.559716796875 31.023537322998 0.00602902783308996 0.088565865746272 0.314283817868047 0.591121288552591 
30.5 0.0851083374023437 0.0161975738525391 0 17.4201782226563 17.5214841339111 0 0.0582419795712847 0.0162106171773845 0.925547403251331 
30.6666666666667 0.0836883544921875 0.0162024078369141 0 17.4218994140625 17.5217901763916 0 0.0582470637656307 0.0159399690407822 0.925812967193587 
30.8333333333333 0.0837789916992187 0.0162018035888672 0 17.4046875 17.5046682952881 0 0.0581938721484312 0.0159584263714003 0.925847701480168 
31 0.084232177734375 0.0162004943847656 0 17.4201782226563 17.5206108947754 0 0.0582419795712847 0.0160437347144296 0.925714285714286 
31.1666666666667 0.0838998413085938 0.0162018035888672 0 17.4218994140625 17.52200105896 0 0.0582467285847461 0.0159801585931476 0.925773112822106 
31.3333333333333 0.0837185668945312 0.0162021057128906 0 17.4046875 17.5046081726074 0 0.0581935372485829 0.0159468247345553 0.925859638016862 
31.5 0.0840206909179688 0.0162015014648438 0 17.4201782226563 17.5204004150391 0 0.0582409741164014 0.0160031764665263 0.925755849417072 
31.6666666666667 0.08338623046875 0.0162036163330078 0 17.4218994140625 17.5214892608643 0 0.058246393407719 0.0158822412374338 0.925871365354847 
31.8333333333333 0.083990478515625 0.0162011993408203 0 17.4046875 17.5048791778564 0 0.0581935372485829 0.0159986188242742 0.925807843927143 
32 0.233813781738281 0.0157017883300781 1.52611083984375 17.0845458984375 18.8601723083496 0.00548880753078144 0.0568704629963847 0.044340168560248 0.893300560912586 
32.1666666666667 0.084111328125 0.0161996887207031 0 17.6473754882812 17.747686505127 0 0.058960867189971 0.016009661002329 0.9250294718077 
32.3333333333333 0.875585632324219 0.0135646636962891 1.58983154296875 29.3824584960937 31.861440335083 0.00549127064040981 0.0939293397819999 0.159461437304325 0.741117952273265 oB-
32.5 2.04918640136719 0.009656689453125 2.51856079101562 34.7818359375 39.3592398193359 0.00852277321660566 0.108936243618702 0.36563290081562 0.516908082349072 
32.6666666666667 2.23595947265625 0.00903451538085938 2.86424560546875 37.487548828125 42.5967884216309 0.00959977789167948 0.11628651973347 0.39513924483171 0.47897445754314 
32.8333333333333 1.33792602539063 0.0120248382568359 2.13145751953125 33.315380859375 36.7967892425537 0.00725671300188197 0.104978278672965 0.240176590863484 0.647588417461669 
33 0.794767456054687 0.0141486694335938 1.03705444335937 23.6405639648438 25.4865345336914 0.00359303249735076 0.0758069145178382 0.145189420699399 0.775410632285412 
33.1666666666667 1.07610534667969 0.0125836669921875 1.76824951171875 28.0519775390625 30.9089160644531 0.00623672588746924 0.0915731157783546 0.200125858252144 0.702064300082033 
33.3333333333333 0.737726440429687 0.0140244964599609 1.542041015625 27.64921875 29.9430107025147 0.00535667841668096 0.0888942996751684 0.135123319812516 0.770625702095634 
33.5 0.9392431640625 0.0134334411621094 1.56275024414062 27.0726196289063 29.5880464782715 0.00541426584542023 0.0868103847936949 0.17157869174559 0.736196657615295 
33.6666666666667 1.7208984375 0.0109080871582031 2.13623657226562 29.6578491210937 33.5258922180176 0.00729414836330407 0.093725183033626 0.309824527049813 0.589156141553257 
33.8333333333333 1.63687774658203 0.0112028594970703 3.2178955078125 46.4773315429688 51.3433076568604 0.0103886486013896 0.138873603061051 0.278636927017172 0.572100821320387 
34 2.07323547363281 0.00938850402832031 3.46322021484375 27.7834716796875 33.3293158721924 0.0120668505742023 0.0895966430399139 0.380888417710629 0.517448088675255 
34.1666666666667 1.86235290527344 0.0100535797119141 3.17169799804687 39.910986328125 44.9550908111572 0.0106670238414144 0.124232520760782 0.330254487007769 0.534845968390035 
34.3333333333333 1.53557556152344 0.0113664093017578 1.94188842773437 27.8092895507813 31.2981199493408 0.0067323145575947 0.0892321626801129 0.280702723301319 0.623332799460973 
34.5 1.48832336425781 0.0115230102539063 1.92755126953125 29.6991577148438 33.1265553588867 0.00664298615953049 0.0947311786633873 0.270451887760984 0.628173947416098 
34.6666666666667 1.32043304443359 0.0120827453613281 2.29872436523437 32.9384399414063 36.5696800964355 0.00783119779879846 0.103856987023982 0.237188149547115 0.651123665630105 
34.8333333333333 1.23710723876953 0.0123601959228516 2.74476928710937 38.7990966796875 42.7933334014893 0.00916757562052728 0.119939343957009 0.217866929154806 0.653026151267658 
35 0.999939880371094 0.0131509552001953 2.05658569335937 31.869580078125 34.9392566070557 0.00703584411054614 0.100910681294247 0.180375935342173 0.711677539253034 
35.1666666666667 2.03374786376953 0.009708251953125 3.0904541015625 42.3946655273438 47.5285757446289 0.0101951798871173 0.129441997834838 0.353756976340876 0.506605845937168 
35.3333333333333 1.68987030029297 0.0108536041259766 2.59821166992187 37.2293701171875 41.5283056915283 0.00872346456861371 0.115688864879899 0.299159744767793 0.576427925783694 
35.5 1.35273010253906 0.0120085235595703 1.99286499023437 28.8919189453125 32.2495225616455 0.00687166304132885 0.0922044251093094 0.245940720233779 0.654983191615582 
35.6666666666667 1.87803314208984 0.0101937652587891 2.40067749023437 34.2809692382813 38.5698736358643 0.00815449714836098 0.107772474919645 0.336358126900642 0.547714901031352 
35.8333333333333 1.81177734375 0.0104456359863281 2.72724609375 38.5374755859375 43.0869446594238 0.00911646928516657 0.119227656130187 0.319332026923405 0.552323847661242 
36 1.46430450439453 0.0116331848144531 3.11753540039062 26.9056640625 31.4991371520996 0.0107782122597345 0.0860935176515944 0.266932863358484 0.636195406730187 
36.1666666666667 1.38330505371094 0.0118427581787109 2.75114135742187 40.6992919921875 44.845581161499 0.00914947497801371 0.125274166375282 0.242569693887282 0.623006664759422 
36.3333333333333 1.57917205810547 0.011219677734375 2.33058471679687 30.4409912109375 34.3619676635742 0.00800214411516961 0.0967367879842036 0.285894785205605 0.609366282695021 
36.5 1.4748486328125 0.0115685302734375 1.79214477539062 29.03994140625 32.3185033447266 0.00619203566612544 0.0928640228967719 0.268684811624515 0.632259129812588 
36.6666666666667 0.943321838378906 0.0133389770507813 1.92595825195312 31.1208618164062 34.0034808837891 0.00660782116798295 0.0988221791052934 0.170650124340721 0.723919875386003 
36.8333333333333 1.25496276855469 0.01230087890625 3.68783569335938 52.99892578125 57.9540251220703 0.0117638689154373 0.156472160537428 0.211078871278374 0.62068509926876 
37 1.82830352783203 0.0103915557861328 3.91563720703125 51.2002807617187 56.9546130523682 0.0125468977310431 0.151844006023328 0.308899721803936 0.526709374441694 
37.1666666666667 1.24747009277344 0.0123256530761719 3.1159423828125 44.4394409179688 48.8151790466309 0.0102164999608263 0.134856754851009 0.215664255308036 0.639262489880128 
37.3333333333333 0.947340087890625 0.0133253814697266 2.10437622070312 32.1639038085938 35.2289454986572 0.007191816246645 0.101736162150685 0.170709000930962 0.720363020671708 
37.5 0.996495666503906 0.0131632415771484 2.00401611328125 29.749072265625 32.7627472869873 0.00690328811624742 0.0948461302076474 0.180994556389657 0.717256025286448 
37.6666666666667 1.55965484619141 0.0112848358154297 2.26049194335937 35.0727172851563 38.9041489105225 0.00765066801815888 0.109864455395365 0.27833011635054 0.604154760235936 oE-
37.8333333333333 1.64183258056641 0.0110147369384766 2.89769897460937 39.7199340820313 44.2704803741455 0.00964413717048756 0.122351706148071 0.288120586176913 0.579883570504528 
38 0.236170349121094 0.0156932281494141 1.52611083984375 16.9692260742188 18.747200491333 0.00549113565627096 0.0565105495147968 0.0448060620303445 0.893192252798588 
38.1666666666667 0.0839300537109375 0.0162001922607422 0 17.6473754882812 17.7475057342529 0 0.0589612062520846 0.0159752492897972 0.925063544458118 
38.3333333333333 0.0837185668945312 0.0162010986328125 0 17.6508178710938 17.7507375366211 0 0.0589713510218634 0.0159346283453519 0.925094020632785 
38.5 0.083748779296875 0.0162010986328125 0 17.6473754882812 17.7473253662109 0 0.0589601890774424 0.0159404705084044 0.925099340414153 
38.6666666666667 0.0835977172851562 0.0162016021728516 0 17.6473754882812 17.7471748077393 0 0.0589601890774424 0.0159117178559722 0.925128093066585 
38.8333333333333 0.0838394165039062 0.0162007965087891 0 17.6508178710938 17.7508580841064 0 0.0589710119092117 0.0159575385712396 0.925071449519549 
39 0.084232177734375 0.0161991851806641 0 17.6473754882812 17.7478068511963 0 0.0589612062520846 0.0160327555867367 0.925006038161179 
39.1666666666667 0.0839300537109375 0.0162003936767578 0 17.6473754882812 17.7475059356689 0 0.0589605281317569 0.0159750655564245 0.925064406311819 
39.3333333333333 0.0836279296875 0.0162017028808594 0 17.6508178710938 17.7506475036621 0 0.0589703336956084 0.0159171022593315 0.92511256404506 
39.5 0.0836581420898438 0.0162016021728516 0 17.6473754882812 17.7472352325439 0 0.0589595109805117 0.0159230357851396 0.925117453234349 
39.6666666666667 0.0836279296875 0.0162013000488281 0 17.6473754882812 17.7472047180176 0 0.058960867189971 0.0159176514563386 0.92512148135369 
39.8333333333333 0.0838092041015625 0.0162007965087891 0 17.6508178710938 17.7508278717041 0 0.0589713510218634 0.015951879837606 0.925076769140531 
40 0.234236755371094 0.0156999755859375 1.5229248046875 17.25322265625 19.0260841918945 0.00547446300442653 0.0574016915861627 0.0443969787377812 0.89272686667163 
40.1666666666667 0.2165625 0.0157594940185547 0.54481201171875 24.034716796875 24.8118508026123 0.00192176937643641 0.078466630329117 0.0402784879833222 0.879333112311124 
40.3333333333333 0.0844134521484375 0.0161992858886719 0 17.6508178710938 17.7514306091309 0 0.058969655497605 0.0160664278362075 0.924963916666187 
40.5 0.0839602661132813 0.0162007965087891 0 17.6473754882812 17.7475365509033 0 0.0589588328991783 0.0159803566396973 0.925060810461124 
40.6666666666667 0.083265380859375 0.0162037170410156 0 17.6473754882812 17.7468445861816 0 0.0589567987487565 0.0158475507023869 0.925195650548857 
40.8333333333333 0.0840509033203125 0.0162003936767578 0 17.6508178710938 17.7510691680908 0 0.0589699945946568 0.015997515842256 0.925032489563087 
41 0.084111328125 0.0162001922607422 0 17.6473754882812 17.747687008667 0 0.0589591719378953 0.0160092006900518 0.925031627372053 
41.1666666666667 0.08338623046875 0.0162034149169922 0 17.6473754882812 17.746965133667 0 0.0589564597373324 0.0158704602433471 0.925173080019321 
41.3333333333333 0.0840206909179688 0.0162006958007813 0 17.6508178710938 17.7510392578125 0 0.058969316404453 0.0159915815622412 0.925039102033306 
41.5 0.0836581420898438 0.0162023071289063 0 17.6473754882812 17.7472359375 0 0.0589571377640794 0.0159223948569917 0.925120467378929 
41.6666666666667 0.0834164428710937 0.0162031127929688 0 17.6473754882812 17.7469950439453 0 0.0589571377640794 0.0158763929939163 0.925166469242004 
41.8333333333333 0.0839300537109375 0.0162009979248047 0 17.6508178710938 17.7509489227295 0 0.058969316404453 0.0159743306651946 0.925056352930352 
42 0.234115905761719 0.0156998748779297 1.52611083984375 16.9898803710938 18.7658069915772 0.00549082092931284 0.0565760891370011 0.0444137488321975 0.893519341101488 
42.1666666666667 0.083748779296875 0.0162001922607422 0 17.6473754882812 17.7473244598389 0 0.0589632407066618 0.0159412955465587 0.92509546374678 
42.3333333333333 1.88661346435547 0.0104618499755859 2.55997924804687 34.4771850585937 38.9342396209717 0.00854941851185853 0.10656714512199 0.332214336635349 0.552669099730802 wE-oB-
42.5 1.23837615966797 0.0120944274902344 1.46239013671875 25.0347290039062 27.7475897277832 0.0051997779615511 0.0823864601860138 0.2321717852571 0.680241976595335 
42.6666666666667 1.38602416992187 0.0118663238525391 2.12667846679687 31.9263793945313 35.4509483551025 0.00727167749701779 0.101035465087778 0.249884252324486 0.641808605090719 
42.8333333333333 0.0859844970703125 0.0161949554443359 0 17.4236206054687 17.5258000579834 0 0.0582518126366671 0.0163770284267465 0.925371158936587 
43 0.085078125 0.0161981781005859 0 17.4064086914062 17.5076849945068 0 0.0581969477246047 0.0162051423704624 0.925597909904933 
43.1666666666667 0.084715576171875 0.0161991851806641 0 17.4236206054687 17.5245353668213 0 0.0582518126366671 0.0161353435378064 0.925612843825527 
43.3333333333333 0.0851385498046875 0.0161977752685547 0 17.4236206054687 17.524956930542 0 0.0582518126366671 0.0162159051674531 0.92553228219588 
43.5 0.0850479125976563 0.0161981781005859 0 17.4064086914062 17.5076547821045 0 0.0581972826305885 0.0161994809260463 0.925603236443365 
43.6666666666667 0.084715576171875 0.0161991851806641 0 17.4236206054687 17.5245353668213 0 0.0582518126366671 0.0161353435378064 0.925612843825527 
43.8333333333333 0.0851385498046875 0.0161977752685547 0 17.4236206054687 17.524956930542 0 0.0582518126366671 0.0162159051674531 0.92553228219588 
44 0.235233764648438 0.0156974578857422 1.52133178710938 16.9743896484375 18.7466526580811 0.00547359491958687 0.0565241812533673 0.0446255602553962 0.89337666357165 
44.1666666666667 0.0848968505859375 0.0161975738525391 0 17.6473754882812 17.7484699127197 0 0.0589591719378953 0.0161587119033928 0.924882116158712 
44.3333333333333 0.0849874877929688 0.0161973724365234 0 17.6508178710938 17.7520027313232 0 0.058969655497605 0.0161756841457594 0.924854660356636 
44.5 0.0851385498046875 0.0161968688964844 0 17.6473754882812 17.7487109069824 0 0.0589588328991783 0.0162046221700853 0.924836544930736 
44.6666666666667 0.211305541992187 0.0157766143798828 0.26444091796875 19.7713256835938 20.2628487579346 0.000946926481996988 0.0655261716789121 0.0398964085246201 0.893630493314471 
44.8333333333333 0.0854104614257813 0.0161959625244141 0 17.6508178710938 17.7524242950439 0 0.058969655497605 0.0162561887949029 0.924774155707492 
45 0.0851385498046875 0.0161968688964844 0 17.6473754882812 17.7487109069824 0 0.0589588328991783 0.0162046221700853 0.924836544930736 
45.1666666666667 0.0846853637695313 0.0161982788085938 0 17.6473754882812 17.7482591308594 0 0.0589591719378953 0.0161184588844163 0.924922369177688 
45.3333333333333 0.0849874877929688 0.0161973724365234 0 17.6508178710938 17.7520027313232 0 0.058969655497605 0.0161756841457594 0.924854660356636 
45.5 0.0851385498046875 0.0161968688964844 0 17.6473754882812 17.7487109069824 0 0.0589588328991783 0.0162046221700853 0.924836544930736 
45.6666666666667 0.0846551513671875 0.0161982788085938 0 17.6473754882812 17.748228918457 0 0.0589595109805117 0.0161128011086895 0.924927687910799 
45.8333333333333 0.0849874877929688 0.0161973724365234 0 17.6508178710938 17.7520027313232 0 0.058969655497605 0.0161756841457594 0.924854660356636 
46 0.235354614257813 0.0156966522216797 1.5229248046875 17.2549438476562 19.0289199188232 0.00547430626338514 0.0574057743623808 0.0446075792800944 0.89251234009414 
46.1666666666667 0.0851083374023437 0.0161968688964844 0 17.6473754882812 17.7486806945801 0 0.0589591719378953 0.0161989649223692 0.924841863139735 
46.3333333333333 0.0849874877929688 0.0161973724365234 0 17.6508178710938 17.7520027313232 0 0.058969655497605 0.0161756841457594 0.924854660356636 
46.5 0.0851385498046875 0.0161968688964844 0 17.6473754882812 17.7487109069824 0 0.0589588328991783 0.0162046221700853 0.924836544930736 
46.6666666666667 0.475996398925781 0.0148957214355469 0.367987060546875 18.5234619140625 19.3823410949707 0.00132258470840156 0.0616175611766996 0.090204857492929 0.84685499662197 
46.8333333333333 0.08580322265625 0.0161946533203125 0 17.6508178710938 17.7528157470703 0 0.058969655497605 0.0163309431119647 0.92469940139043 
47 0.08531982421875 0.0161964660644531 0 17.6473754882812 17.7488917785645 0 0.0589581548334416 0.0162389377986579 0.9248029073679 
47.1666666666667 0.0847760009765625 0.0161988830566406 0 17.6473754882812 17.7483503723145 0 0.058956120729807 0.0161348751358469 0.924909004134346 
47.3333333333333 0.085078125 0.0161978759765625 0 17.6508178710938 17.7520938720703 0 0.0589669428615786 0.0161921902582355 0.924840866880186 
47.5 0.0852291870117187 0.0161972717285156 0 17.6473754882812 17.7488019470215 0 0.0589564597373324 0.016221220415392 0.924822319847276 
47.6666666666667 0.0847760009765625 0.0161988830566406 0 17.6473754882812 17.7483503723145 0 0.058956120729807 0.0161348751358469 0.924909004134346 
47.8333333333333 0.0850479125976563 0.0161978759765625 0 17.6508178710938 17.752063659668 0 0.0589672819274337 0.0161865332643321 0.924846184808234 
48 0.235445251464844 0.0156971557617188 1.5229248046875 17.2515014648437 19.0255686767578 0.00547411818598259 0.0573923499770957 0.0446232249198351 0.892510306917087 
48.1666666666667 0.085198974609375 0.0161974731445313 0 17.6473754882812 17.7487719360352 0 0.058956120729807 0.0162153770075154 0.924828502262678 
48.3333333333333 0.085078125 0.0161978759765625 0 17.6508178710938 17.7520938720703 0 0.0589669428615786 0.0161921902582355 0.924840866880186 
48.5 0.0852291870117187 0.0161972717285156 0 17.6473754882812 17.7488019470215 0 0.0589564597373324 0.016221220415392 0.924822319847276 
48.6666666666667 0.465603332519531 0.0149298614501953 0.39188232421875 19.7231323242188 20.5955478424072 0.00140278846976307 0.0653437116870527 0.0878795654777179 0.845373934365466 
48.8333333333333 0.298558959960938 0.0154868774414063 0.240545654296875 18.4890380859375 19.0436295776367 0.000865056858869697 0.0615393429005185 0.0566125290023202 0.880983071238292 
49 0.0857730102539063 0.0161958618164063 0 17.4201782226563 17.5221470947266 0 0.0582403038324318 0.0163367476119231 0.925422948555645 
49.1666666666667 0.0849874877929688 0.0161985809326172 0 17.4218994140625 17.5230854827881 0 0.0582453878997825 0.0161869468644624 0.925567665235755 
49.3333333333333 0.0852593994140625 0.0161976745605469 0 17.4046875 17.5061445739746 0 0.0581911930575697 0.0162396703726722 0.925569136569758 
49.5 0.0853500366210938 0.0161972717285156 0 17.4201782226563 17.5217255310059 0 0.0582403038324318 0.0162561859822764 0.925503510185292 
49.6666666666667 0.0849874877929688 0.0161985809326172 0 17.4218994140625 17.5230854827881 0 0.0582453878997825 0.0161869468644624 0.925567665235755 
49.8333333333333 0.0852593994140625 0.0161976745605469 0 17.4046875 17.5061445739746 0 0.0581911930575697 0.0162396703726722 0.925569136569758 
50 0.231275939941406 0.0157114562988281 1.47035522460937 16.6456420898438 18.3629847106934 0.00529671351264497 0.055497850900097 0.0439288645062809 0.895276571080977 
50.1666666666667 0.350584716796875 0.0154522338867188 0.71048583984375 25.081201171875 26.1577239624023 0.00247697963989381 0.0809294782792211 0.064445900765309 0.852147641315576 
50.3333333333333 2.66361602783203 0.00781151733398438 4.82206420898437 56.0230590820313 63.5165508361816 0.0150368843297484 0.161689972926654 0.437957328431981 0.385315814311617 
50.5 2.54173919677734 0.00768261108398438 3.68146362304687 39.1794799804688 45.410365411377 0.0124589598305021 0.122718867426101 0.453552501765603 0.411269670977794 
50.6666666666667 1.10574371337891 0.0127989807128906 1.87498168945312 31.6819702148438 34.6754945983887 0.00642211345915656 0.100434870384617 0.199696627435574 0.693446388720652 
50.8333333333333 0.0861053466796875 0.0161949554443359 0 17.2411743164063 17.3434746185303 0 0.0576756987068022 0.0164096776793837 0.925914623613814 
51 0.0852896118164062 0.0161976745605469 0 17.2704345703125 17.3719218566895 0 0.0577679265378969 0.0162526267307637 0.925979446731339 
51.1666666666667 0.0848968505859375 0.0161989837646484 0 17.2859252929687 17.3870211273193 0 0.0578167457283655 0.0161769446875144 0.92600630958412 
51.3333333333333 0.0852896118164062 0.0161976745605469 0 17.287646484375 17.389133770752 0 0.0578221697705881 0.016251691085461 0.925926139143951 
51.5 0.0852896118164062 0.0161976745605469 0 17.2704345703125 17.3719218566895 0 0.0577679265378969 0.0162526267307637 0.925979446731339 
51.6666666666667 0.0848968505859375 0.0161989837646484 0 17.2859252929687 17.3870211273193 0 0.0578167457283655 0.0161769446875144 0.92600630958412 
51.8333333333333 0.0852896118164062 0.0161976745605469 0 17.287646484375 17.389133770752 0 0.0578221697705881 0.016251691085461 0.925926139143951 
52 0.230158081054687 0.0157154846191406 1.465576171875 16.5750732421875 18.2865229797363 0.00528074022202069 0.0552755742804991 0.0437268250123409 0.895716860485139 
52.1666666666667 0.481887817382812 0.0148768890380859 0.8219970703125 24.172412109375 25.4911738861084 0.00289508676844355 0.0787957336744598 0.08948960069123 0.828819578865867 
52.3333333333333 0.0858334350585938 0.0161945526123047 0 17.6508178710938 17.7528458587646 0 0.058969655497605 0.0163366934440464 0.924693651058349 
52.5 0.0853500366210938 0.0161961639404297 0 17.6473754882812 17.7489216888428 0 0.0589588328991783 0.0162448749575908 0.924796292143231 
52.6666666666667 0.0848968505859375 0.0161975738525391 0 17.6473754882812 17.7484699127197 0 0.0589591719378953 0.0161587119033928 0.924882116158712 
52.8333333333333 0.085198974609375 0.0161966674804688 0 17.6508178710938 17.7522135131836 0 0.058969655497605 0.0162159364703312 0.924814408032064 
53 0.0853500366210938 0.0161961639404297 0 17.6473754882812 17.7489216888428 0 0.0589588328991783 0.0162448749575908 0.924796292143231 
53.1666666666667 0.0848968505859375 0.0161975738525391 0 17.6473754882812 17.7484699127197 0 0.0589591719378953 0.0161587119033928 0.924882116158712 
53.3333333333333 0.085198974609375 0.0161966674804688 0 17.6508178710938 17.7522135131836 0 0.058969655497605 0.0162159364703312 0.924814408032064 
53.5 0.0853500366210938 0.0161961639404297 0 17.6473754882812 17.7489216888428 0 0.0589588328991783 0.0162448749575908 0.924796292143231 
53.6666666666667 0.0848968505859375 0.0161975738525391 0 17.6473754882812 17.7484699127197 0 0.0589591719378953 0.0161587119033928 0.924882116158712 
53.8333333333333 0.085198974609375 0.0161966674804688 0 17.6508178710938 17.7522135131836 0 0.058969655497605 0.0162159364703312 0.924814408032064 
54 0.634551086425781 0.0143935913085938 2.31465454101562 23.4340209960938 26.3976202148437 0.00811754518282634 0.0760635771948937 0.117338473141708 0.798480404480572 oE-wB-
54.1666666666667 0.594700927734375 0.0144733520507813 0.540032958984375 19.3014404296875 20.450647668457 0.00193766325813218 0.0640972146805142 0.112510217029717 0.821454905031637 
