0 0.0546844482421875 0.0163032165527344 0.05416259765625 225.918420410156 226.043570672607 0.000115259316512253 0.444958591395553 0.00613586361432877 0.548790285673606 
0.166666666666667 0.0507870483398438 0.0163184234619141 0.055755615234375 281.936315917969 282.059177005005 0.000106851958138456 0.500076322827242 0.00513194690373554 0.494684878310884 
0.333333333333333 0.0642919921875 0.0162732055664063 0.1593017578125 281.82099609375 282.060863049316 0.000305295037123877 0.49987788198515 0.00649667838999609 0.49332014458773 
0.5 0.060787353515625 0.0162848876953125 0.10513916015625 281.882958984375 282.065170385742 0.000201493494202483 0.499984735341348 0.00614249864144538 0.493671272523004 
0.666666666666667 0.06018310546875 0.0162871032714844 0.10513916015625 281.879516601562 282.061125970459 0.000201493494202483 0.499978629477888 0.00608144000683857 0.493738437021071 
0.833333333333333 0.0491555786132813 0.0163236602783203 0 281.996557617187 282.062036856079 0 0.500186228835551 0.00496711992526423 0.494846651239185 
1 0.060545654296875 0.0162858947753906 0.106732177734375 281.879516601562 282.063080328369 0.000204545801468456 0.499977103081925 0.00611805650959381 0.493700294607013 
1.16666666666667 0.060787353515625 0.0162850891113281 0.10513916015625 281.882958984375 282.065170587158 0.000201492263918231 0.499981682521462 0.00614246113641637 0.493674364078203 
1.33333333333333 0.0497598266601562 0.0163215454101562 0 281.996557617187 282.062638989258 0 0.500187755874622 0.00502819391060378 0.494784050214774 
1.5 0.060908203125 0.0162844848632813 0.10513916015625 281.882958984375 282.06529083252 0.000201493494202483 0.499984735341348 0.00615471036836674 0.493659060796082 
1.66666666666667 0.0608175659179688 0.0162847869873047 0.10513916015625 281.881237792969 282.06347930603 0.000201494109350243 0.499983208824221 0.0061455703351824 0.493669726731247 
1.83333333333333 0.0497598266601562 0.0163216461181641 0 281.996557617187 282.062639089966 0 0.500186228835551 0.00502817855987104 0.494785592604578 
2 0.0650473022460938 0.0162705871582031 0.1593017578125 281.824438476562 282.065058123779 0.000305294105076125 0.499882461769546 0.00657298208228897 0.493239262043089 
2.16666666666667 0.0609384155273437 0.0162844848632813 0.10513916015625 281.882958984375 282.065321044922 0.000201492879058479 0.499983208926745 0.00615774450092351 0.493657553693273 
2.33333333333333 0.0497900390625 0.0163215454101562 0 281.996557617187 282.06266920166 0 0.500186228835551 0.00503123149160139 0.494782539672848 
2.5 0.0609384155273437 0.0162845855712891 0.10513916015625 281.879516601562 282.061878762817 0.000201493494202483 0.499978629477888 0.00615776330009708 0.493662113727813 
2.66666666666667 0.049427490234375 0.0163228546142578 0 281.996557617187 282.062307962036 0 0.500184701805804 0.00499458106272229 0.494820717131474 
2.83333333333333 0.0609384155273437 0.0162844848632813 0.10513916015625 281.881237792969 282.063599853516 0.000201493494202483 0.499981682409618 0.00615776330009708 0.493659060796082 
3 0.06114990234375 0.0162835784912109 0.10513916015625 281.882958984375 282.065531625366 0.000201494109350243 0.499986261765272 0.00617915268674077 0.493633091438637 
3.16666666666667 0.0494577026367188 0.0163228546142578 0 281.996557617187 282.062338174438 0 0.50018317478538 0.00499761872779006 0.49481920648683 
3.33333333333333 0.0608779907226563 0.0162843841552734 0.103546142578125 281.881237792969 282.061946310425 0.000198442985803694 0.499987788123951 0.00615173255991452 0.493662036330331 
3.5 0.0611801147460938 0.0162835784912109 0.103546142578125 281.879516601562 282.060526437378 0.000198442379965257 0.499983208721695 0.00618224337584071 0.493636105522499 
3.66666666666667 0.0496389770507813 0.0163221496582031 0 281.996557617187 282.062518743896 0 0.500184701805804 0.00501595151959213 0.494799346674604 
3.83333333333333 0.0611196899414062 0.0162837799072266 0.10513916015625 281.882958984375 282.06550161438 0.000201493494202483 0.499984735341348 0.00617608089047913 0.49363769027397 
4 0.06550048828125 0.0162694793701172 0.1593017578125 281.822717285156 282.06378901062 0.000305291308967016 0.499874830563324 0.00661871557840491 0.493201162549305 
4.16666666666667 0.0498504638671875 0.0163215454101562 0 281.996557617187 282.062729626465 0 0.50018317478538 0.00503730659795577 0.494779518616664 
4.33333333333333 0.0611196899414062 0.0162836791992187 0.10513916015625 281.881237792969 282.063780322266 0.000201494724501759 0.499984735248144 0.00617611860101602 0.493637651426338 
4.5 0.05003173828125 0.0163208404541016 0 281.996557617187 282.062910195923 0 0.500184701805804 0.00505563951092183 0.494759658683275 
4.66666666666667 0.060787353515625 0.0162848876953125 0.10513916015625 281.882958984375 282.065170385742 0.000201493494202483 0.499984735341348 0.00614249864144538 0.493671272523004 
4.83333333333333 0.0613009643554688 0.0162829742431641 0.10513916015625 281.882958984375 282.06568208313 0.000201494724501759 0.499987788198515 0.00619443630324345 0.49361628077374 
5 0.05003173828125 0.0163208404541016 0 281.996557617187 282.062910195923 0 0.500184701805804 0.00505563951092183 0.494759658683275 
5.16666666666667 0.056195068359375 0.0163001953125 0.0446044921875 281.946643066406 282.063742822266 8.5482349421315e-05 0.50009922058415 0.00567847035441593 0.494136826712013 
5.33333333333333 0.0499713134765625 0.0163208404541016 0 281.996557617187 282.062849771118 0 0.500187755874622 0.00504956449795911 0.494762679627419 
5.5 0.0498202514648438 0.0163215454101562 0 281.996557617187 282.062699414062 0 0.500184701805804 0.00503426905405199 0.494781029140144 
5.66666666666667 0.0494577026367188 0.0163228546142578 0 281.996557617187 282.062338174438 0 0.50018317478538 0.00499761872779006 0.49481920648683 
5.83333333333333 0.0497900390625 0.0163215454101562 0 281.996557617187 282.06266920166 0 0.500186228835551 0.00503123149160139 0.494782539672848 
6 0.0539593505859375 0.0163077484130859 0.05416259765625 281.938037109375 282.06246680603 0.000103799361939216 0.500080902443864 0.00545251942421883 0.494362778769978 
6.16666666666667 0.049669189453125 0.0163221496582031 0 281.996557617187 282.062548956299 0 0.50018317478538 0.00501898911941775 0.494797836095202 
6.33333333333333 0.0497900390625 0.0163215454101562 0 281.996557617187 282.06266920166 0 0.500186228835551 0.00503123149160139 0.494782539672848 
6.5 0.0498202514648438 0.0163214447021484 0 281.996557617187 282.062699313354 0 0.500186228835551 0.00503428442333173 0.494779486741117 
6.66666666666667 0.0494577026367188 0.0163228546142578 0 281.996557617187 282.062338174438 0 0.50018317478538 0.00499761872779006 0.49481920648683 
6.83333333333333 0.0497598266601562 0.0163215454101562 0 281.996557617187 282.062638989258 0 0.500187755874622 0.00502819391060378 0.494784050214774 
7 0.0498202514648438 0.0163215454101562 0 281.996557617187 282.062699414062 0 0.500184701805804 0.00503426905405199 0.494781029140144 
7.16666666666667 0.0494577026367188 0.0163228546142578 0 281.996557617187 282.062338174438 0 0.50018317478538 0.00499761872779006 0.49481920648683 
7.33333333333333 0.102087707519531 0.016147119140625 0.4651611328125 281.485363769531 282.068759729004 0.000891472394885635 0.499288653876684 0.0103160452819129 0.489503828446518 
7.5 0.0502432250976563 0.0163201354980469 0 281.996557617187 282.063120977783 0 0.500184701805804 0.00507700996779167 0.494738288226405 
7.66666666666667 0.0494577026367188 0.0163228546142578 0 281.996557617187 282.062338174438 0 0.50018317478538 0.00499761872779006 0.49481920648683 
7.83333333333333 0.0497900390625 0.0163215454101562 0 281.996557617187 282.06266920166 0 0.500186228835551 0.00503123149160139 0.494782539672848 
8 0.0539593505859375 0.0163077484130859 0.05416259765625 281.938037109375 282.06246680603 0.000103799361939216 0.500080902443864 0.00545251942421883 0.494362778769978 
8.16666666666667 0.049669189453125 0.0163221496582031 0 281.996557617187 282.062548956299 0 0.50018317478538 0.00501898911941775 0.494797836095202 
8.33333333333333 0.0497900390625 0.0163215454101562 0 281.996557617187 282.06266920166 0 0.500186228835551 0.00503123149160139 0.494782539672848 
8.5 0.0498202514648438 0.0163215454101562 0 281.996557617187 282.062699414062 0 0.500184701805804 0.00503426905405199 0.494781029140144 
8.66666666666667 0.0494577026367188 0.0163228546142578 0 281.996557617187 282.062338174438 0 0.50018317478538 0.00499761872779006 0.49481920648683 
8.83333333333333 0.0497900390625 0.0163215454101562 0 281.996557617187 282.06266920166 0 0.500186228835551 0.00503123149160139 0.494782539672848 
9 0.0498202514648438 0.0163215454101562 0 281.996557617187 282.062699414062 0 0.500184701805804 0.00503426905405199 0.494781029140144 
9.16666666666667 0.0496087646484375 0.0163223510742188 0 281.996557617187 282.06248873291 0 0.50018317478538 0.00501288329323841 0.494803941921381 
9.33333333333333 0.056678466796875 0.0162984832763672 0.046197509765625 281.946643066406 282.065817526245 8.85352904720763e-05 0.50009922058415 0.00572731741122811 0.49408492671415 
9.5 0.0501828002929687 0.0163203369140625 0 281.996557617187 282.063060754394 0 0.500184701805804 0.00507090412297171 0.494744394071225 
9.66666666666667 0.0496389770507813 0.0163222503662109 0 281.996557617187 282.062518844604 0 0.50018317478538 0.00501593620632808 0.494800889008292 
9.83333333333333 0.0499411010742188 0.0163210418701172 0 281.996557617187 282.062819760132 0 0.500186228835551 0.00504649615025309 0.494767275014196 
10 0.054140625 0.0163071441650391 0.05416259765625 281.938037109375 282.062647476196 0.000103799361939216 0.500080902443864 0.0054708369586787 0.494344461235518 
10.1666666666667 0.0498202514648438 0.0163216461181641 0 281.996557617187 282.06269951477 0 0.50018317478538 0.0050342536848661 0.494782571529754 
10.3333333333333 0.050394287109375 0.01631953125 0 281.996557617187 282.063271435547 0 0.500186228835551 0.0050922901262082 0.494721481038241 
10.5 0.0504547119140625 0.0163194305419922 0 281.996557617187 282.063331759644 0 0.500184701805804 0.00509838042466151 0.494716917769535 
10.6666666666667 0.0500619506835938 0.0163208404541016 0 281.996557617187 282.062940408325 0 0.50018317478538 0.00505867698958346 0.494758148225036 
10.8333333333333 0.0913623046875 0.016182568359375 0.36002197265625 281.602404785156 282.069971630859 0.00068997731623248 0.499497781997698 0.00923226285082751 0.490579977835242 
11 0.0547146606445312 0.0163051300048828 0.055755615234375 281.936315917969 282.063091323853 0.000106852610561923 0.500079376224989 0.00552885936364691 0.494284911800802 
11.1666666666667 0.0502130126953125 0.0163206390380859 0 281.996557617187 282.063091268921 0 0.500178593780052 0.00507389508454965 0.494747511135398 
11.3333333333333 0.0503640747070312 0.0163201354980469 0 281.996557617187 282.063241827393 0 0.500178593780052 0.00508915951019511 0.494732246709753 
11.5 0.0504244995117187 0.0163199340820313 0 281.996557617187 282.063302050781 0 0.500178593780052 0.00509526528045329 0.494726140939495 
11.6666666666667 0.0500015258789062 0.0163212432861328 0 281.996557617187 282.062880386353 0 0.500180120772504 0.0050525403134712 0.494767338914024 
11.8333333333333 0.0503640747070312 0.0163201354980469 0 281.996557617187 282.063241827393 0 0.500178593780052 0.00508915951019511 0.494732246709753 
12 0.0545635986328125 0.0163061370849609 0.05416259765625 281.938037109375 282.063069442749 0.000103798094389102 0.500074795685663 0.00551351054313879 0.494307895676809 
12.1666666666667 0.0502130126953125 0.0163206390380859 0 281.996557617187 282.063091268921 0 0.500178593780052 0.00507389508454965 0.494747511135398 
12.3333333333333 0.0503640747070312 0.0163201354980469 0 281.996557617187 282.063241827393 0 0.500178593780052 0.00508915951019511 0.494732246709753 
12.5 0.0800628662109375 0.0162210388183594 0.2548828125 281.714282226563 282.065448944092 0.000488469076854503 0.499685548031775 0.00809026908540271 0.491735713805968 
12.6666666666667 0.0545635986328125 0.0163057342529297 0.055755615234375 281.936315917969 282.062940866089 0.000106852284349193 0.500077849521454 0.00551357787241837 0.494301720321778 
12.8333333333333 0.0506057739257812 0.0163188262939453 0 281.996557617187 282.063482217407 0 0.500186228835551 0.00511366064832058 0.494700110516129 
13 0.0504547119140625 0.0163194305419922 0 281.996557617187 282.063331759644 0 0.500184701805804 0.00509838042466151 0.494716917769535 
13.1666666666667 0.0500619506835938 0.0163207397460938 0 281.996557617187 282.062940307617 0 0.500184701805804 0.00505869243333181 0.494756605760865 
13.3333333333333 0.050394287109375 0.0163194305419922 0 281.996557617187 282.063271334839 0 0.500187755874622 0.00509230567266977 0.494719938452708 
13.5 0.0504244995117187 0.0163194305419922 0 281.996557617187 282.063301547241 0 0.500186228835551 0.00509534305793854 0.494718428106511 
13.6666666666667 0.0500619506835938 0.0163208404541016 0 281.996557617187 282.062940408325 0 0.50018317478538 0.00505867698958346 0.494758148225036 
13.8333333333333 0.050394287109375 0.0163194305419922 0 281.996557617187 282.063271334839 0 0.500187755874622 0.00509230567266977 0.494719938452708 
14 0.0545938110351563 0.0163056335449219 0.05416259765625 281.938037109375 282.063099151611 0.000103799361939216 0.500080902443864 0.00551663079482835 0.494298667399368 
14.1666666666667 0.0502734375 0.0163201354980469 0 281.996557617187 282.063151190186 0 0.50018317478538 0.00508004738121115 0.494736777833409 
14.3333333333333 0.050394287109375 0.0163194305419922 0 281.996557617187 282.063271334839 0 0.500187755874622 0.00509230567266977 0.494719938452708 
14.5 0.068642578125 0.0162588043212891 0.151336669921875 281.833044433594 282.069282485962 0.00029002762894781 0.499894674176856 0.00693623971546763 0.492879058478729 
14.6666666666667 0.0502734375 0.0163201354980469 0 281.996557617187 282.063151190186 0 0.50018317478538 0.00508004738121115 0.494736777833409 
14.8333333333333 0.050394287109375 0.01631953125 0 281.996557617187 282.063271435547 0 0.500186228835551 0.0050922901262082 0.494721481038241 
15 0.0504547119140625 0.0163194305419922 0 281.996557617187 282.063331759644 0 0.500184701805804 0.00509838042466151 0.494716917769535 
15.1666666666667 0.0500619506835938 0.0163208404541016 0 281.996557617187 282.062940408325 0 0.50018317478538 0.00505867698958346 0.494758148225036 
15.3333333333333 0.050394287109375 0.0163194305419922 0 281.996557617187 282.063271334839 0 0.500187755874622 0.00509230567266977 0.494719938452708 
15.5 0.0504547119140625 0.0163194305419922 0 281.996557617187 282.063331759644 0 0.500184701805804 0.00509838042466151 0.494716917769535 
15.6666666666667 0.0500619506835938 0.0163208404541016 0 281.996557617187 282.062940408325 0 0.50018317478538 0.00505867698958346 0.494758148225036 
15.8333333333333 0.050394287109375 0.0163194305419922 0 281.996557617187 282.063271334839 0 0.500187755874622 0.00509230567266977 0.494719938452708 
16 0.0545938110351563 0.0163056335449219 0.05416259765625 281.938037109375 282.063099151611 0.000103799361939216 0.500080902443864 0.00551663079482835 0.494298667399368 
16.1666666666667 0.102571105957031 0.0161456085205078 0.466754150390625 281.49052734375 282.075998208618 0.000894511727873047 0.499290191205698 0.0103647348673344 0.489450562199094 
16.3333333333333 0.0508172607421875 0.0163181213378906 0 281.996557617187 282.063692999268 0 0.500186228835551 0.00513503117043297 0.494678739994016 
16.5 0.0504244995117187 0.0163194305419922 0 281.996557617187 282.063301547241 0 0.500186228835551 0.00509534305793854 0.494718428106511 
16.6666666666667 0.0500619506835938 0.0163207397460938 0 281.996557617187 282.062940307617 0 0.500184701805804 0.00505869243333181 0.494756605760865 
16.8333333333333 0.050394287109375 0.01631953125 0 281.996557617187 282.063271435547 0 0.500186228835551 0.0050922901262082 0.494721481038241 
17 0.0504244995117187 0.01631953125 0 281.996557617187 282.063301647949 0 0.500184701805804 0.00509532750225153 0.494719970691945 
17.1666666666667 0.0500619506835938 0.0163208404541016 0 281.996557617187 282.062940408325 0 0.50018317478538 0.00505867698958346 0.494758148225036 
17.3333333333333 0.050394287109375 0.01631953125 0 281.996557617187 282.063271435547 0 0.500186228835551 0.0050922901262082 0.494721481038241 
17.5 0.0504244995117187 0.0163194305419922 0 281.996557617187 282.063301547241 0 0.500186228835551 0.00509534305793854 0.494718428106511 
17.6666666666667 0.0500619506835938 0.0163208404541016 0 281.996557617187 282.062940408325 0 0.50018317478538 0.00505867698958346 0.494758148225036 
17.8333333333333 0.050394287109375 0.0163194305419922 0 281.996557617187 282.063271334839 0 0.500187755874622 0.00509230567266977 0.494719938452708 
18 0.0545938110351563 0.0163056335449219 0.05416259765625 281.938037109375 282.063099151611 0.000103799361939216 0.500080902443864 0.00551663079482835 0.494298667399368 
18.1666666666667 0.0911810302734375 0.0161836761474609 0.36002197265625 281.605847167969 282.073233847046 0.000689962571056986 0.499493213332763 0.00921374796216807 0.490603076134011 
18.3333333333333 0.0508172607421875 0.0163181213378906 0 281.996557617187 282.063692999268 0 0.500186228835551 0.00513503117043297 0.494678739994016 
18.5 0.0504547119140625 0.0163194305419922 0 281.996557617187 282.063331759644 0 0.500184701805804 0.00509838042466151 0.494716917769535 
18.6666666666667 0.0500619506835938 0.0163207397460938 0 281.996557617187 282.062940307617 0 0.500184701805804 0.00505869243333181 0.494756605760865 
18.8333333333333 0.0504244995117187 0.0163194305419922 0 281.996557617187 282.063301547241 0 0.500186228835551 0.00509534305793854 0.494718428106511 
19 0.0504244995117187 0.0163194305419922 0 281.996557617187 282.063301547241 0 0.500186228835551 0.00509534305793854 0.494718428106511 
19.1666666666667 0.0500619506835938 0.0163207397460938 0 281.996557617187 282.062940307617 0 0.500184701805804 0.00505869243333181 0.494756605760865 
19.3333333333333 0.050394287109375 0.0163194305419922 0 281.996557617187 282.063271334839 0 0.500187755874622 0.00509230567266977 0.494719938452708 
19.5 0.0504547119140625 0.0163194305419922 0 281.996557617187 282.063331759644 0 0.500184701805804 0.00509838042466151 0.494716917769535 
19.6666666666667 0.0500619506835938 0.0163207397460938 0 281.996557617187 282.062940307617 0 0.500184701805804 0.00505869243333181 0.494756605760865 
19.8333333333333 0.050394287109375 0.01631953125 0 281.996557617187 282.063271435547 0 0.500186228835551 0.0050922901262082 0.494721481038241 
20 0.0545938110351563 0.0163056335449219 0.05416259765625 281.938037109375 282.063099151611 0.000103799361939216 0.500080902443864 0.00551663079482835 0.494298667399368 
20.1666666666667 0.136741333007813 0.0160314056396484 0.778985595703125 281.144567871094 282.076326205444 0.00149292463630951 0.498688729792853 0.0138179486788075 0.48600039689203 
20.3333333333333 0.0508172607421875 0.0163181213378906 0 281.996557617187 282.063692999268 0 0.500186228835551 0.00513503117043297 0.494678739994016 
20.5 0.0504547119140625 0.0163194305419922 0 281.996557617187 282.063331759644 0 0.500184701805804 0.00509838042466151 0.494716917769535 
20.6666666666667 0.0500921630859375 0.0163207397460938 0 281.996557617187 282.06297052002 0 0.50018317478538 0.00506172990267313 0.494755095311947 
20.8333333333333 0.0504244995117187 0.0163194305419922 0 281.996557617187 282.063301547241 0 0.500186228835551 0.00509534305793854 0.494718428106511 
21 0.0504547119140625 0.0163194305419922 0 281.996557617187 282.063331759644 0 0.500184701805804 0.00509838042466151 0.494716917769535 
21.1666666666667 0.0500619506835938 0.0163207397460938 0 281.996557617187 282.062940307617 0 0.500184701805804 0.00505869243333181 0.494756605760865 
21.3333333333333 0.050394287109375 0.0163194305419922 0 281.996557617187 282.063271334839 0 0.500187755874622 0.00509230567266977 0.494719938452708 
21.5 0.0504547119140625 0.0163194305419922 0 281.996557617187 282.063331759644 0 0.500184701805804 0.00509838042466151 0.494716917769535 
21.6666666666667 0.0500619506835938 0.0163208404541016 0 281.996557617187 282.062940408325 0 0.50018317478538 0.00505867698958346 0.494758148225036 
21.8333333333333 0.050394287109375 0.01631953125 0 281.996557617187 282.063271435547 0 0.500186228835551 0.0050922901262082 0.494721481038241 
22 0.0545938110351563 0.0163056335449219 0.05416259765625 281.938037109375 282.063099151611 0.000103799361939216 0.500080902443864 0.00551663079482835 0.494298667399368 
22.1666666666667 0.0502734375 0.0163201354980469 0 281.996557617187 282.063151190186 0 0.50018317478538 0.00508004738121115 0.494736777833409 
22.3333333333333 0.068642578125 0.0162586029052734 0.151336669921875 281.831323242188 282.06756109314 0.000290030285267683 0.499896199687378 0.00693630324345447 0.4928774667839 
22.5 0.0545333862304687 0.0163058349609375 0.055755615234375 281.934594726563 282.061189562988 0.000106852610561923 0.500076323293258 0.00551054177326487 0.494306282322915 
22.6666666666667 0.0502734375 0.0163201354980469 0 281.996557617187 282.063151190186 0 0.50018317478538 0.00508004738121115 0.494736777833409 
22.8333333333333 0.050394287109375 0.01631953125 0 281.996557617187 282.063271435547 0 0.500186228835551 0.0050922901262082 0.494721481038241 
23 0.0504547119140625 0.0163194305419922 0 281.996557617187 282.063331759644 0 0.500184701805804 0.00509838042466151 0.494716917769535 
23.1666666666667 0.0500619506835938 0.0163207397460938 0 281.996557617187 282.062940307617 0 0.500184701805804 0.00505869243333181 0.494756605760865 
23.3333333333333 0.0504244995117187 0.0163194305419922 0 281.996557617187 282.063301547241 0 0.500186228835551 0.00509534305793854 0.494718428106511 
23.5 0.0504547119140625 0.0163198333740234 0 281.996557617187 282.063332162476 0 0.500178593780052 0.00509831816558238 0.494723088054366 
23.6666666666667 0.0500015258789062 0.0163213439941406 0 281.996557617187 282.062880487061 0 0.500178593780052 0.00505252488864601 0.494768881331302 
23.8333333333333 0.0503640747070312 0.0163200347900391 0 281.996557617187 282.063241726685 0 0.500180120772504 0.00508917504686193 0.494730704180634 
24 0.0841717529296875 0.0162072418212891 0.310638427734375 281.657482910156 282.068500332642 0.000595319869945505 0.499583276091038 0.00850544183419578 0.491315962204821 
24.1666666666667 0.0545635986328125 0.0163057342529297 0.055755615234375 281.936315917969 282.062940866089 0.000106852284349193 0.500077849521454 0.00551357787241837 0.494301720321778 
24.3333333333333 0.0506057739257812 0.0163188262939453 0 281.996557617187 282.063482217407 0 0.500186228835551 0.00511366064832058 0.494700110516129 
24.5 0.0504547119140625 0.0163194305419922 0 281.996557617187 282.063331759644 0 0.500184701805804 0.00509838042466151 0.494716917769535 
24.6666666666667 0.0500921630859375 0.0163207397460938 0 281.996557617187 282.06297052002 0 0.50018317478538 0.00506172990267313 0.494755095311947 
24.8333333333333 0.0504244995117187 0.0163194305419922 0 281.996557617187 282.063301547241 0 0.500186228835551 0.00509534305793854 0.494718428106511 
25 0.0504547119140625 0.0163194305419922 0 281.996557617187 282.063331759644 0 0.500184701805804 0.00509838042466151 0.494716917769535 
25.1666666666667 0.0500921630859375 0.0163207397460938 0 281.996557617187 282.06297052002 0 0.50018317478538 0.00506172990267313 0.494755095311947 
25.3333333333333 0.0504244995117187 0.0163194305419922 0 281.996557617187 282.063301547241 0 0.500186228835551 0.00509534305793854 0.494718428106511 
25.5 0.0686123657226562 0.0162589050292969 0.151336669921875 281.831323242188 282.067531182861 0.000290028514382361 0.499893147389438 0.00693320795960361 0.492883616136576 
25.6666666666667 0.0502734375 0.0163200347900391 0 281.996557617187 282.063151089478 0 0.500184701805804 0.00508006289020165 0.494735235303995 
25.8333333333333 0.0504244995117187 0.0163194305419922 0 281.996557617187 282.063301547241 0 0.500186228835551 0.00509534305793854 0.494718428106511 
26 0.0545938110351563 0.0163056335449219 0.05416259765625 281.938037109375 282.063099151611 0.000103799361939216 0.500080902443864 0.00551663079482835 0.494298667399368 
26.1666666666667 0.0502734375 0.0163200347900391 0 281.996557617187 282.063151089478 0 0.500184701805804 0.00508006289020165 0.494735235303995 
26.3333333333333 0.0504244995117187 0.0163194305419922 0 281.996557617187 282.063301547241 0 0.500186228835551 0.00509534305793854 0.494718428106511 
26.5 0.0504547119140625 0.0163194305419922 0 281.996557617187 282.063331759644 0 0.500184701805804 0.00509838042466151 0.494716917769535 
26.6666666666667 0.0500619506835938 0.0163207397460938 0 281.996557617187 282.062940307617 0 0.500184701805804 0.00505869243333181 0.494756605760865 
26.8333333333333 0.050394287109375 0.0163194305419922 0 281.996557617187 282.063271334839 0 0.500187755874622 0.00509230567266977 0.494719938452708 
27 0.0504547119140625 0.0163194305419922 0 281.996557617187 282.063331759644 0 0.500184701805804 0.00509838042466151 0.494716917769535 
27.1666666666667 0.0500619506835938 0.0163208404541016 0 281.996557617187 282.062940408325 0 0.50018317478538 0.00505867698958346 0.494758148225036 
27.3333333333333 0.0677362060546875 0.0162596099853516 0.170452880859375 281.8072265625 282.061675259399 0.000326687631667328 0.499887033248863 0.00684517448783318 0.492941104631637 oE-wB-
27.5 0.108220825195312 0.0161236541748047 0.53206787109375 281.416516113281 282.072928463745 0.00101978505129458 0.499209208597948 0.0109367366878359 0.488834269662921 
27.6666666666667 0.0485513305664063 0.0163229553222656 0 281.996557617187 282.061431903076 0 0.500227462163425 0.00490646572648972 0.494866072110086 
27.8333333333333 0.0486117553710938 0.0163225524902344 0 281.996557617187 282.061491925049 0 0.500230516754446 0.0049126020914434 0.49485688115411 
28 0.0525997924804687 0.0163092590332031 0.05416259765625 281.938037109375 282.061108758545 0.000103808869551943 0.500126707884894 0.00531562476146859 0.494453858484085 
28.1666666666667 0.04833984375 0.0163237609863281 0 281.996557617187 282.061221221924 0 0.500225934881903 0.00488507852763733 0.494888986590459 
28.3333333333333 0.04833984375 0.0163230560302734 0 281.996557617187 282.061220516968 0 0.500236626048406 0.00488518293483471 0.494878191016759 
28.5 0.0483700561523438 0.0163232574462891 0 281.996557617187 282.061250930786 0 0.500232044063947 0.00488819139971422 0.494879764536339 
28.6666666666667 0.04833984375 0.0163239624023438 0 281.996557617187 282.06122142334 0 0.500222880346838 0.00488504869782921 0.494892070955332 
28.8333333333333 0.0485513305664063 0.0163226531982422 0 281.996557617187 282.061431600952 0 0.500232044063947 0.00490651066792052 0.494861445268133 
29 0.0488232421875 0.0163222503662109 0 281.996557617187 282.061703109741 0 0.500224407609708 0.00493391424881461 0.494841678141478 
29.1666666666667 0.0481585693359375 0.016324365234375 0 281.996557617187 282.061040551758 0 0.500225934881903 0.00486675948315869 0.494907305634938 
29.3333333333333 0.100818786621094 0.0161486297607422 0.46834716796875 281.483642578125 282.068957162476 0.00089764962353674 0.499325236167341 0.0101886285501432 0.489588485658979 
29.5 0.0490045166015625 0.0163210418701172 0 281.996557617187 282.061883175659 0 0.500233571382773 0.00495232395892808 0.494814104658299 
29.6666666666667 0.0480377197265625 0.0163244659423828 0 281.996557617187 282.060919802856 0 0.500230516754446 0.00485459125257614 0.494914891992978 
29.8333333333333 0.04833984375 0.0163229553222656 0 281.996557617187 282.06122041626 0 0.500238153395212 0.00488519785051295 0.494876648754275 
30 0.0525997924804687 0.0163093597412109 0.05416259765625 281.938037109375 282.061108859253 0.000103808552603457 0.500125180901669 0.00531560853184175 0.494455402013886 
30.1666666666667 0.048944091796875 0.0163217468261719 0 281.996557617187 282.06182345581 0 0.500225934881903 0.0049461420092328 0.494827923108864 
30.3333333333333 0.0488232421875 0.0163219482421875 0 281.996557617187 282.061702807617 0 0.500228989454272 0.00493395944138786 0.49483705110434 
30.5 0.0484304809570313 0.0163228546142578 0 281.996557617187 282.061310952759 0 0.500235098710926 0.00489432770928365 0.49487057357979 
30.6666666666667 0.0484909057617187 0.0163231567382813 0 281.996557617187 282.061371679687 0 0.500227462163425 0.00490035935968638 0.494872178476889 
30.8333333333333 0.0485211181640625 0.0163226531982422 0 281.996557617187 282.06140138855 0 0.500233571382773 0.00490347242789056 0.494862956189336 
31 0.048460693359375 0.0163228546142578 0 281.996557617187 282.061341165161 0 0.500233571382773 0.00489736598651087 0.494869062630716 
31.1666666666667 0.0484002685546875 0.0163235595703125 0 281.996557617187 282.061281445312 0 0.500225934881903 0.00489118487579688 0.4948828802423 
31.3333333333333 0.048702392578125 0.0163222503662109 0 281.996557617187 282.061582260132 0 0.500230516754446 0.00492176169758034 0.494847721547973 
31.5 0.0781292724609375 0.0162240600585937 0.256475830078125 281.717724609375 282.068553771973 0.000491568531064994 0.499738949631018 0.00789562870393835 0.491873853133978 
31.6666666666667 0.0483700561523438 0.0163234588623047 0 281.996557617187 282.061251132202 0 0.500228989454272 0.00488816155053339 0.494882848995194 
31.8333333333333 0.0481887817382813 0.0163234588623047 0 281.996557617187 282.061069857788 0 0.500238153395212 0.00486993160723009 0.494891914997557 
32 0.052811279296875 0.0163087554931641 0.05416259765625 281.938037109375 282.061319741821 0.000103808235656908 0.500123653927768 0.00533696458612572 0.49443557325045 
32.1666666666667 0.0480679321289062 0.0163242645263672 0 281.996557617187 282.060949813843 0 0.500232044063947 0.00485765928603705 0.494910296650017 
32.3333333333333 0.0487326049804688 0.0163222503662109 0 281.996557617187 282.061612472534 0 0.500228989454272 0.00492479986321697 0.494846210682511 
32.5 0.04858154296875 0.01632275390625 0 281.996557617187 282.061461914062 0 0.500228989454272 0.00490953389959881 0.494861476646129 
32.6666666666667 0.0485211181640625 0.0163234588623047 0 281.996557617187 282.061402194214 0 0.500221353093295 0.00490335265974824 0.494875294246957 
32.8333333333333 0.0486419677734375 0.0163225524902344 0 281.996557617187 282.061522137451 0 0.500228989454272 0.00491564028504607 0.494855370260682 
33 0.048460693359375 0.0163231567382813 0 281.996557617187 282.061341467285 0 0.500228989454272 0.00489732112870429 0.494873689417023 
33.1666666666667 0.0477658081054688 0.0163251708984375 0 281.996557617187 282.060648596191 0 0.500233571382773 0.00482714191064444 0.494939286706582 
33.3333333333333 0.0487326049804688 0.0163221496582031 0 281.996557617187 282.061612371826 0 0.500230516754446 0.00492481489962598 0.494844668345928 
33.5 0.0481887817382813 0.0163237609863281 0 281.996557617187 282.061070159912 0 0.500233571382773 0.00486988700030227 0.494896541616925 
33.6666666666667 0.0790960693359375 0.0162210388183594 0.549591064453125 281.401025390625 282.045933563232 0.00105335470574765 0.499174108846653 0.00799328295549958 0.4917792534921 oB-
33.8333333333333 0.1310009765625 0.0160478210449219 1.4974365234375 280.3751953125 282.019680633545 0.00287003621130794 0.497358956039594 0.0132388053321609 0.486532202416937 
34 0.0917550659179688 0.0161783386230469 0.91439208984375 281.00859375 282.030919244385 0.00175255937787195 0.498484066670534 0.00927268785818314 0.490490686093411 
34.1666666666667 0.0986434936523438 0.0161558807373047 1.07528686523437 280.834753417969 282.024839657593 0.00206090508845099 0.498168084365821 0.00996867424265555 0.489802336303072 
34.3333333333333 0.0890057373046875 0.0161876037597656 0.8602294921875 281.065393066406 282.030815899658 0.00164874924050672 0.498584823568565 0.00899484307876442 0.490771584112164 
34.5 0.115592651367188 0.0160997863769531 1.4337158203125 280.445764160156 282.011172418213 0.00274784828213685 0.497473506162813 0.0116814083638395 0.488097237191211 
34.6666666666667 0.103991088867188 0.0161387603759766 1.21865844726562 280.679846191406 282.018634487915 0.00233564251541066 0.497882656098775 0.0105088647556124 0.489272836630202 
34.8333333333333 0.098975830078125 0.0161546722412109 1.07528686523437 280.834753417969 282.025170785522 0.00206091138081063 0.498169605373636 0.0100022899015342 0.48976719334402 
35 0.109912719726562 0.0161183166503906 1.2744140625 280.617883300781 282.018328399658 0.0024425616365163 0.497784901915884 0.0111075490420579 0.488664987405542 
35.1666666666667 0.0889151000976563 0.0161885101318359 0.8602294921875 281.067114257812 282.032447360229 0.0016487140030776 0.498577220878826 0.00898549131677292 0.490788573801324 
35.3333333333333 0.146922912597656 0.0159948486328125 1.465576171875 280.399291992188 282.027785925293 0.00280901449390413 0.497409294784698 0.0148480842215824 0.484933606499815 
35.5 0.228073425292969 0.0157236419677734 2.10596923828125 279.703930664063 282.053696969605 0.00403654261880626 0.49618940606031 0.0230498186303846 0.476724232690499 
35.6666666666667 0.208223876953125 0.015791015625 2.1601318359375 279.647131347656 282.031278076172 0.00414019253727242 0.496068954357125 0.0210429254918005 0.478747927613802 
35.8333333333333 0.0813922119140625 0.0162126800537109 0.71685791015625 281.222021484375 282.036484286499 0.00137396609051689 0.498865714660829 0.00822547699522776 0.491534842253427 
36 0.201214599609375 0.0158133728027344 2.01516723632812 279.812365722656 282.044560931397 0.00386240672211434 0.496369643009807 0.0203348844025941 0.479433065865484 
36.1666666666667 0.089066162109375 0.0161875030517578 0.8602294921875 281.067114257812 282.032597415161 0.00164873917251613 0.498584832210257 0.00900089459366213 0.490765534023565 
36.3333333333333 0.103477478027344 0.0161396667480469 0.667474365234375 281.273657226562 282.060748736572 0.00127929556307324 0.498949695289506 0.0104572489344292 0.489313760212992 oE-
36.5 0.0494577026367188 0.0163201354980469 0 281.996557617187 282.062335455322 0 0.500224407609708 0.00499803070873114 0.494777561681561 
36.6666666666667 0.0481585693359375 0.0163241638183594 0 281.996557617187 282.061040350342 0 0.500228989454272 0.00486678920146797 0.49490422134426 
36.8333333333333 0.0484909057617187 0.0163226531982422 0 281.996557617187 282.061371176147 0 0.500235098710926 0.00490043416930771 0.494864467119766 
37 0.048944091796875 0.0163218475341797 0 281.996557617187 282.061823556519 0 0.500224407609708 0.00494612690784633 0.494829465482446 
37.1666666666667 0.0486117553710938 0.0163231567382813 0 281.996557617187 282.061492529297 0 0.500221353093295 0.00491251209809148 0.494866134808614 
37.3333333333333 0.0490045166015625 0.0163212432861328 0 281.996557617187 282.061883377075 0 0.500230516754446 0.00495229371803679 0.494817189527517 
37.5 0.048944091796875 0.0163217468261719 0 281.996557617187 282.06182345581 0 0.500225934881903 0.0049461420092328 0.494827923108864 
37.6666666666667 0.048702392578125 0.0163229553222656 0 281.996557617187 282.061582965088 0 0.500219825849077 0.00492165650989827 0.494858517641024 
37.8333333333333 0.0490951538085938 0.0163212432861328 0 281.996557617187 282.061974014282 0 0.500225934881903 0.00496140787963167 0.494812657238465 
38 0.053173828125 0.0163076477050781 0.05416259765625 281.938037109375 282.061681182861 0.000103807918712293 0.500122126963191 0.00537358638040107 0.494400478737696 
38.1666666666667 0.0556512451171875 0.0162996917724609 0.046197509765625 281.944921875 282.063070321655 8.85415076481544e-05 0.500131285683754 0.00562391231337587 0.494156260495222 
38.3333333333333 0.0603341674804687 0.0162835784912109 0.103546142578125 281.882958984375 282.063122872925 0.000198458132966949 0.500029005419434 0.00609724448515381 0.493675291962446 
38.5 0.0487930297851563 0.0163218475341797 0 281.996557617187 282.061672494507 0 0.500232044063947 0.00493093635886225 0.494837019577191 
38.6666666666667 0.0481887817382813 0.0163240631103516 0 281.996557617187 282.061070462036 0 0.500228989454272 0.00486984239419161 0.494901168151536 
38.8333333333333 0.0486721801757812 0.0163221496582031 0 281.996557617187 282.061551947021 0 0.500233571382773 0.00491873853133978 0.494847690085887 
39 0.0486721801757812 0.0163222503662109 0 281.996557617187 282.061552047729 0 0.500232044063947 0.00491872351339138 0.494849232422662 
39.1666666666667 0.048702392578125 0.0163228546142578 0 281.996557617187 282.06158286438 0 0.500221353093295 0.00492167153643472 0.49485697537027 
39.3333333333333 0.0490045166015625 0.0163212432861328 0 281.996557617187 282.061883377075 0 0.500230516754446 0.00495229371803679 0.494817189527517 
39.5 0.0484304809570313 0.0163228546142578 0 281.996557617187 282.061310952759 0 0.500235098710926 0.00489432770928365 0.49487057357979 
39.6666666666667 0.0480075073242188 0.016324365234375 0 281.996557617187 282.060889489746 0 0.500233571382773 0.0048515676761632 0.494914860941064 
39.8333333333333 0.0487628173828125 0.0163218475341797 0 281.996557617187 282.061642282104 0 0.500233571382773 0.00492789819340932 0.494838530423818 
40 0.052811279296875 0.0163084533691406 0.05416259765625 281.938037109375 282.061319439697 0.000103809186502363 0.500128234877444 0.00533701347076855 0.494430942465285 
40.1666666666667 0.135200500488281 0.0160342254638672 0.777392578125 281.139404296875 282.068031600952 0.00148999444305351 0.498720681000739 0.0136633711734928 0.486125953382715 
40.3333333333333 0.0493670654296875 0.0163200347900391 0 281.996557617187 282.062244717407 0 0.500230516754446 0.00498893214258454 0.494780551102969 
40.5 0.04906494140625 0.0163214447021484 0 281.996557617187 282.061944003296 0 0.500224407609708 0.00495833956687805 0.494817252823414 
40.6666666666667 0.048460693359375 0.0163234588623047 0 281.996557617187 282.061341769409 0 0.500224407609708 0.00489727627171945 0.494878316118573 
40.8333333333333 0.04858154296875 0.0163223510742188 0 281.996557617187 282.06146151123 0 0.500235098710926 0.0049095938593438 0.49485530742973 
41 0.0490347290039062 0.0163215454101562 0 281.996557617187 282.061913891602 0 0.500224407609708 0.00495528640212012 0.494820305988172 
41.1666666666667 0.0487326049804688 0.01632275390625 0 281.996557617187 282.061612976074 0 0.500221353093295 0.00492472468254913 0.494853922224156 
41.3333333333333 0.0486419677734375 0.0163222503662109 0 281.996557617187 282.061521835327 0 0.500233571382773 0.00491568531064994 0.494850743306577 
41.5 0.048944091796875 0.0163216461181641 0 281.996557617187 282.061823355102 0 0.500227462163425 0.00494615711071148 0.494826380725864 
41.6666666666667 0.0480075073242188 0.0163244659423828 0 281.996557617187 282.060889590454 0 0.500232044063947 0.00485155286330162 0.494916403072752 
41.8333333333333 0.0488534545898437 0.0163217468261719 0 281.996557617187 282.061732818604 0 0.500230516754446 0.00493702770780856 0.494832455537745 
42 0.0530831909179688 0.0163078491210938 0.05416259765625 281.938037109375 282.06159074707 0.000103808235656908 0.500123653927768 0.00536444323674079 0.494408094599835 
42.1666666666667 0.247439575195313 0.0156600952148438 1.86542358398437 279.960388183594 282.088911437988 0.00357539784315881 0.496632225601192 0.0250064119004873 0.474785964655162 wE-oB-
42.3333333333333 0.0955316162109375 0.0161666564941406 0.85067138671875 281.072277832031 282.034647491455 0.00163039993649379 0.498587902676726 0.00965416591609241 0.490127531470688 
42.5 0.0510891723632812 0.0163173156738281 0 281.996557617187 282.063964105225 0 0.500184701805804 0.00516249179527102 0.494652806398925 
42.6666666666667 0.0503036499023438 0.0163200347900391 0 281.996557617187 282.06318130188 0 0.50018317478538 0.00508310029430082 0.494733724920319 
42.8333333333333 0.0506057739257812 0.0163187255859375 0 281.996557617187 282.063482116699 0 0.500187755874622 0.0051136762600251 0.494698567865353 
43 0.0506661987304688 0.0163187255859375 0 281.996557617187 282.063542541504 0 0.500184701805804 0.00511975088153135 0.494695547312665 
43.1666666666667 0.0502734375 0.0163200347900391 0 281.996557617187 282.063151089478 0 0.500184701805804 0.00508006289020165 0.494735235303995 
43.3333333333333 0.0506057739257812 0.0163187255859375 0 281.996557617187 282.063482116699 0 0.500187755874622 0.0051136762600251 0.494698567865353 
43.5 0.0506661987304688 0.0163187255859375 0 281.996557617187 282.063542541504 0 0.500184701805804 0.00511975088153135 0.494695547312665 
43.6666666666667 0.0502734375 0.0163201354980469 0 281.996557617187 282.063151190186 0 0.50018317478538 0.00508004738121115 0.494736777833409 
43.8333333333333 0.0506057739257812 0.0163187255859375 0 281.996557617187 282.063482116699 0 0.500187755874622 0.0051136762600251 0.494698567865353 
44 0.0548052978515625 0.0163049285888672 0.05416259765625 281.938037109375 282.063309933472 0.000103799361939216 0.500080902443864 0.00553800125169819 0.494277296942498 
44.1666666666667 0.171243896484375 0.0159161956787109 1.09918212890625 280.798608398438 282.084950619507 0.00210659363808721 0.498078114934528 0.0173045981748961 0.482510693252489 
44.3333333333333 0.0510287475585938 0.0163174163818359 0 281.996557617187 282.063903781128 0 0.500186228835551 0.00515640169254535 0.494657369471904 
44.5 0.0506661987304688 0.0163187255859375 0 281.996557617187 282.063542541504 0 0.500184701805804 0.00511975088153135 0.494695547312665 
44.6666666666667 0.0502734375 0.0163200347900391 0 281.996557617187 282.063151089478 0 0.500184701805804 0.00508006289020165 0.494735235303995 
44.8333333333333 0.050635986328125 0.0163187255859375 0 281.996557617187 282.063512329102 0 0.500186228835551 0.00511671358005092 0.494697057584398 
45 0.0506661987304688 0.0163187255859375 0 281.996557617187 282.063542541504 0 0.500184701805804 0.00511975088153135 0.494695547312665 
45.1666666666667 0.0503036499023438 0.0163200347900391 0 281.996557617187 282.06318130188 0 0.50018317478538 0.00508310029430082 0.494733724920319 
45.3333333333333 0.050635986328125 0.0163187255859375 0 281.996557617187 282.063512329102 0 0.500186228835551 0.00511671358005092 0.494697057584398 
45.5 0.0506661987304688 0.0163187255859375 0 281.996557617187 282.063542541504 0 0.500184701805804 0.00511975088153135 0.494695547312665 
45.6666666666667 0.0503036499023438 0.0163200347900391 0 281.996557617187 282.06318130188 0 0.50018317478538 0.00508310029430082 0.494733724920319 
45.8333333333333 0.0506057739257812 0.0163192291259766 0 281.996557617187 282.063482620239 0 0.500180120772504 0.00511359820245575 0.49470628102504 
46 0.0615426635742188 0.0162822692871094 0.09876708984375 281.888122558594 282.064714581299 0.000189282923016803 0.499996947049629 0.00621885990621336 0.493594910121141 
46.1666666666667 0.0584307861328125 0.0162927429199219 0.11151123046875 281.87607421875 282.062308978271 0.000213705221123845 0.499972523614427 0.00590436996647881 0.49390940119797 
46.3333333333333 0.0508172607421875 0.0163181213378906 0 281.996557617187 282.063692999268 0 0.500186228835551 0.00513503117043297 0.494678739994016 
46.5 0.0506661987304688 0.0163187255859375 0 281.996557617187 282.063542541504 0 0.500184701805804 0.00511975088153135 0.494695547312665 
46.6666666666667 0.0503036499023438 0.0163200347900391 0 281.996557617187 282.06318130188 0 0.50018317478538 0.00508310029430082 0.494733724920319 
46.8333333333333 0.050635986328125 0.0163187255859375 0 281.996557617187 282.063512329102 0 0.500186228835551 0.00511671358005092 0.494697057584398 
47 0.0506661987304688 0.0163187255859375 0 281.996557617187 282.063542541504 0 0.500184701805804 0.00511975088153135 0.494695547312665 
47.1666666666667 0.0503036499023438 0.0163200347900391 0 281.996557617187 282.06318130188 0 0.50018317478538 0.00508310029430082 0.494733724920319 
47.3333333333333 0.0506057739257812 0.0163187255859375 0 281.996557617187 282.063482116699 0 0.500187755874622 0.0051136762600251 0.494698567865353 
47.5 0.0506661987304688 0.0163187255859375 0 281.996557617187 282.063542541504 0 0.500184701805804 0.00511975088153135 0.494695547312665 
47.6666666666667 0.0503036499023438 0.0163200347900391 0 281.996557617187 282.06318130188 0 0.50018317478538 0.00508310029430082 0.494733724920319 
47.8333333333333 0.050635986328125 0.0163187255859375 0 281.996557617187 282.063512329102 0 0.500186228835551 0.00511671358005092 0.494697057584398 
48 0.0615728759765625 0.0162822692871094 0.09876708984375 281.886401367188 282.063023602295 0.000189282923016803 0.499993894099258 0.0062219128565846 0.493594910121141 
48.1666666666667 0.05051513671875 0.0163193298339844 0 281.996557617187 282.06339208374 0 0.50018317478538 0.00510447068592851 0.494712354528691 
48.3333333333333 0.050635986328125 0.0163187255859375 0 281.996557617187 282.063512329102 0 0.500186228835551 0.00511671358005092 0.494697057584398 
48.5 0.0506661987304688 0.0163187255859375 0 281.996557617187 282.063542541504 0 0.500184701805804 0.00511975088153135 0.494695547312665 
48.6666666666667 0.0503036499023438 0.0163200347900391 0 281.996557617187 282.06318130188 0 0.50018317478538 0.00508310029430082 0.494733724920319 
48.8333333333333 0.050635986328125 0.0163187255859375 0 281.996557617187 282.063512329102 0 0.500186228835551 0.00511671358005092 0.494697057584398 
49 0.0506661987304688 0.0163187255859375 0 281.996557617187 282.063542541504 0 0.500184701805804 0.00511975088153135 0.494695547312665 
49.1666666666667 0.0503036499023438 0.0163200347900391 0 281.996557617187 282.06318130188 0 0.50018317478538 0.00508310029430082 0.494733724920319 
49.3333333333333 0.050635986328125 0.0163187255859375 0 281.996557617187 282.063512329102 0 0.500186228835551 0.00511671358005092 0.494697057584398 
49.5 0.0506661987304688 0.0163187255859375 0 281.996557617187 282.063542541504 0 0.500184701805804 0.00511975088153135 0.494695547312665 
49.6666666666667 0.0503036499023438 0.0163200347900391 0 281.996557617187 282.06318130188 0 0.50018317478538 0.00508310029430082 0.494733724920319 
49.8333333333333 0.050635986328125 0.0163187255859375 0 281.996557617187 282.063512329102 0 0.500186228835551 0.00511671358005092 0.494697057584398 
50 0.0548052978515625 0.0163049285888672 0.05416259765625 281.938037109375 282.063309933472 0.000103799361939216 0.500080902443864 0.00553800125169819 0.494277296942498 
50.1666666666667 0.0687030029296875 0.0162586029052734 0.151336669921875 281.831323242188 282.067621517944 0.000290028514382361 0.499893147389438 0.00694236675479463 0.492874457341385 
50.3333333333333 0.0508474731445313 0.0163180206298828 0 281.996557617187 282.063723110962 0 0.500186228835551 0.00513808410216331 0.494675687062286 
50.5 0.0506661987304688 0.0163187255859375 0 281.996557617187 282.063542541504 0 0.500184701805804 0.00511975088153135 0.494695547312665 
50.6666666666667 0.0503036499023438 0.0163200347900391 0 281.996557617187 282.06318130188 0 0.50018317478538 0.00508310029430082 0.494733724920319 
50.8333333333333 0.050635986328125 0.0163187255859375 0 281.996557617187 282.063512329102 0 0.500186228835551 0.00511671358005092 0.494697057584398 
51 0.0506661987304688 0.0163187255859375 0 281.996557617187 282.063542541504 0 0.500184701805804 0.00511975088153135 0.494695547312665 
51.1666666666667 0.0502734375 0.0163200347900391 0 281.996557617187 282.063151089478 0 0.500184701805804 0.00508006289020165 0.494735235303995 
51.3333333333333 0.050635986328125 0.0163187255859375 0 281.996557617187 282.063512329102 0 0.500186228835551 0.00511671358005092 0.494697057584398 
51.5 0.0506661987304688 0.0163187255859375 0 281.996557617187 282.063542541504 0 0.500184701805804 0.00511975088153135 0.494695547312665 
51.6666666666667 0.102661743164063 0.0161451049804687 0.466754150390625 281.485363769531 282.070924768066 0.000894525382539353 0.499288653876684 0.0103740520473335 0.489442768693443 
51.8333333333333 0.0510287475585938 0.0163173156738281 0 281.996557617187 282.06390368042 0 0.500187755874622 0.00515641743473575 0.494655826690642 
52 0.0548052978515625 0.0163048278808594 0.05416259765625 281.938037109375 282.063309832764 0.000103799678831582 0.500082429156719 0.00553801815883793 0.494275753005611 
52.1666666666667 0.05051513671875 0.0163193298339844 0 281.996557617187 282.06339208374 0 0.50018317478538 0.00510447068592851 0.494712354528691 
52.3333333333333 0.050635986328125 0.0163187255859375 0 281.996557617187 282.063512329102 0 0.500186228835551 0.00511671358005092 0.494697057584398 
52.5 0.0506661987304688 0.0163186248779297 0 281.996557617187 282.063542440796 0 0.500186228835551 0.00511976651178126 0.494694004652668 
52.6666666666667 0.0503036499023438 0.0163200347900391 0 281.996557617187 282.06318130188 0 0.50018317478538 0.00508310029430082 0.494733724920319 
52.8333333333333 0.050635986328125 0.0163187255859375 0 281.996557617187 282.063512329102 0 0.500186228835551 0.00511671358005092 0.494697057584398 
53 0.0506661987304688 0.0163187255859375 0 281.996557617187 282.063542541504 0 0.500184701805804 0.00511975088153135 0.494695547312665 
53.1666666666667 0.0503036499023438 0.0163200347900391 0 281.996557617187 282.06318130188 0 0.50018317478538 0.00508310029430082 0.494733724920319 
53.3333333333333 0.050635986328125 0.0163187255859375 0 281.996557617187 282.063512329102 0 0.500186228835551 0.00511671358005092 0.494697057584398 
53.5 0.174718322753906 0.0159047149658203 1.121484375 280.767626953125 282.079734365845 0.00214935580387128 0.49802772180497 0.0176558588264029 0.482167063564755 oE-wB-
53.6666666666667 0.255325012207031 0.0156338104248047 1.83037719726562 280.001696777344 282.103032797241 0.0035082041292387 0.496702471314554 0.0258031619636173 0.47398616259259 
53.8333333333333 0.049185791015625 0.0163203369140625 0 281.996557617187 282.062063745117 0 0.500235098710926 0.00497065845958439 0.494794242829489 
