0 0.184930114746094 0.0158700714111328 3.71651000976562 1.0223876953125 4.93969789123535 0.0140008281672898 0.00356472007345484 0.0367334201508705 0.945701031608385 
0.166666666666667 0.0502432250976563 0.0163205383300781 0 0.97763671875 1.04420048217773 0 0.00345732215790467 0.0101224062475272 0.986420271594568 
0.333333333333333 0.149339904785156 0.0159898132324219 2.99009399414062 2.9914306640625 6.1468543762207 0.0112172208543494 0.0103865369445175 0.029540076016542 0.948856166184591 
0.5 0.555122680664063 0.0146383117675781 14.3785766601562 12.2049682617188 27.1533059143066 0.0501876615974867 0.0394283966749145 0.102165753843588 0.808218187884011 
0.666666666666667 0.251457824707031 0.0156503265380859 5.7412353515625 5.32020263671875 11.3285461395264 0.0211476285199594 0.0181374361140939 0.0488378779610494 0.911877057404897 
0.833333333333333 0.0495785522460937 0.0163224517822266 0 0.826171875 0.89207287902832 0 0.00292329991839121 0.00999403159599995 0.987082668485609 
1 0.150880737304687 0.0159853820800781 2.6316650390625 3.284033203125 6.08256436157227 0.00987542143898998 0.0114057530905526 0.0298534229214988 0.948865402548959 
1.16666666666667 0.0494577026367188 0.0163231567382813 0 0.826171875 0.891952734375 0 0.00292324650885196 0.00996948861456386 0.987107264876584 
1.33333333333333 0.048944091796875 0.0163245666503906 0 0.826171875 0.891440533447266 0 0.00292329991839121 0.00986613722457034 0.987210562857038 
1.5 0.0489743041992188 0.0163245666503906 0 0.826171875 0.891470745849609 0 0.00292328211499461 0.00987216730917971 0.987204550575826 
1.66666666666667 0.0486117553710938 0.0163259765625 0 0.826171875 0.891109606933594 0 0.00292324650885196 0.00979896590154749 0.9872777875896 
1.83333333333333 0.048944091796875 0.0163245666503906 0 0.826171875 0.891440533447266 0 0.00292329991839121 0.00986613722457034 0.987210562857038 
2 0.182996520996094 0.0158785308837891 3.71810302734375 1.04476318359375 4.96174126281738 0.014003971992056 0.00364199271601457 0.0363419273161454 0.946012107975784 
2.16666666666667 0.0492462158203125 0.0163238616943359 0 0.826171875 0.891741952514648 0 0.00292324650885196 0.00992685793630977 0.987149895554838 
2.33333333333333 0.048944091796875 0.0163245666503906 0 0.826171875 0.891440533447266 0 0.00292329991839121 0.00986613722457034 0.987210562857038 
2.5 1.26417755126953 0.0122764068603516 34.2387268066406 28.034765625 63.5499463897705 0.106651780176157 0.0808237191415457 0.207631807468056 0.604892693214241 
2.66666666666667 0.0502432250976563 0.0163205383300781 0 0.826171875 0.892735638427734 0 0.00292324650885196 0.0101278311337933 0.986948922357355 
2.83333333333333 0.251306762695312 0.0156504272460938 5.65043334960937 5.39249267578125 11.309883215332 0.0208154833863452 0.0183859344373892 0.0488139810565604 0.911984601119705 
3 0.252122497558594 0.0156480102539063 5.74282836914062 5.30987548828125 11.3204743652344 0.0211542411172725 0.018102866531702 0.0489686940703577 0.911774198280668 
3.16666666666667 0.049669189453125 0.0163224517822266 0 0.826171875 0.892163516235352 0 0.00292324650885196 0.0100121192928179 0.98706463419833 
3.33333333333333 0.253089294433594 0.0156444854736328 5.696630859375 5.4010986328125 11.3664632720947 0.020981482785327 0.0184116031824262 0.0491504142317351 0.911456499800512 
3.5 0.252303771972656 0.0156477081298828 5.67273559570312 5.4286376953125 11.3693247711182 0.0208926151264646 0.0185047200530383 0.0489958519857078 0.911606812834789 
3.66666666666667 0.049669189453125 0.0163224517822266 0 0.826171875 0.892163516235352 0 0.00292324650885196 0.0100121192928179 0.98706463419833 
3.83333333333333 0.251729736328125 0.0156490173339844 5.74282836914062 5.3391357421875 11.3493428649902 0.0211525033885078 0.0182011277423443 0.0488883934072253 0.911757975461923 
4 0.385208129882812 0.0152048950195313 9.417919921875 5.55428466796875 15.3726176147461 0.0341993069896858 0.018667314556109 0.0737552713326276 0.873378107121578 
4.16666666666667 0.0498202514648438 0.0163218475341797 0 0.826171875 0.892313973999023 0 0.00292326431181486 0.0100426309378806 0.987034104750305 
4.33333333333333 0.250007629394531 0.0156548583984375 5.70459594726562 5.30126953125 11.2715279663086 0.0210172316649451 0.0180768147243873 0.0485667668325664 0.912339186778101 
4.5 0.05003173828125 0.016321142578125 0 0.826171875 0.892524755859375 0 0.00292326431181486 0.0100852618757613 0.986991473812424 
4.66666666666667 0.25112548828125 0.0156514343261719 5.7412353515625 5.37183837890625 11.3798506530762 0.021143906459921 0.0183102475198151 0.0487647476400842 0.91178109838018 
4.83333333333333 0.150487976074219 0.0159864898681641 2.587060546875 3.2668212890625 6.02035630187988 0.00971036330152352 0.0113486881442683 0.0297828322690201 0.949158116285188 
5 0.05003173828125 0.016321142578125 0 0.826171875 0.892524755859375 0 0.00292326431181486 0.0100852618757613 0.986991473812424 
5.16666666666667 0.0488232421875 0.0163251708984375 0 0.826171875 0.891320288085937 0 0.00292326431181486 0.00984165651644336 0.987235079171742 
5.33333333333333 0.0491555786132813 0.0163238616943359 0 0.826171875 0.891651315307617 0 0.00292329991839121 0.00990876868171354 0.987167931399895 
5.5 0.0492160034179688 0.0163238616943359 0 0.826171875 0.891711740112305 0 0.00292326431181486 0.00992082825822168 0.987155907429964 
5.66666666666667 0.0488232421875 0.0163252716064453 0 0.826171875 0.891320388793945 0 0.00292324650885196 0.00984159657980158 0.987235156911346 
5.83333333333333 0.0491555786132813 0.0163238616943359 0 0.826171875 0.891651315307617 0 0.00292329991839121 0.00990876868171354 0.987167931399895 
6 0.1832080078125 0.0158778259277344 3.71810302734375 1.04476318359375 4.96195204467773 0.014003971992056 0.00364199271601457 0.0363839272321455 0.945970108059784 
6.16666666666667 0.0494577026367188 0.0163231567382813 0 0.826171875 0.891952734375 0 0.00292324650885196 0.00996948861456386 0.987107264876584 
6.33333333333333 0.0491555786132813 0.0163237609863281 0 0.826171875 0.891651214599609 0 0.00292331772200467 0.00990882902854498 0.98716785324945 
6.5 0.0492160034179688 0.0163238616943359 0 0.826171875 0.891711740112305 0 0.00292326431181486 0.00992082825822168 0.987155907429964 
6.66666666666667 0.0488232421875 0.0163251708984375 0 0.826171875 0.891320288085937 0 0.00292326431181486 0.00984165651644336 0.987235079171742 
6.83333333333333 0.350856628417969 0.0156234375 8.2008544921875 7.80904541015625 16.3763799682617 0.0291780495822801 0.025714998242969 0.0658206468141061 0.879286305360645 
7 0.860630493164063 0.0133164184570313 22.7626281738281 19.0002319335938 42.636807019043 0.07680523752701 0.0593360638995496 0.153115963062104 0.710742735511336 
7.16666666666667 0.0502432250976563 0.0163205383300781 0 0.826171875 0.892735638427734 0 0.00292324650885196 0.0101278311337933 0.986948922357355 
7.33333333333333 0.0491555786132813 0.0163237609863281 0 0.826171875 0.891651214599609 0 0.00292331772200467 0.00990882902854498 0.98716785324945 
7.5 0.0492160034179688 0.0163238616943359 0 0.826171875 0.891711740112305 0 0.00292326431181486 0.00992082825822168 0.987155907429964 
7.66666666666667 0.0488232421875 0.0163252716064453 0 0.826171875 0.891320388793945 0 0.00292324650885196 0.00984159657980158 0.987235156911346 
7.83333333333333 0.0491555786132813 0.0163238616943359 0 0.826171875 0.891651315307617 0 0.00292329991839121 0.00990876868171354 0.987167931399895 
8 0.1832080078125 0.0158778259277344 3.71810302734375 1.04476318359375 4.96195204467773 0.014003971992056 0.00364199271601457 0.0363839272321455 0.945970108059784 
8.16666666666667 0.0494577026367188 0.0163231567382813 0 0.826171875 0.891952734375 0 0.00292324650885196 0.00996948861456386 0.987107264876584 
8.33333333333333 0.049185791015625 0.0163237609863281 0 0.826171875 0.891681427001953 0 0.00292329991839121 0.00991485888987686 0.987161841191732 
8.5 0.0492160034179688 0.0163238616943359 0 0.826171875 0.891711740112305 0 0.00292326431181486 0.00992082825822168 0.987155907429964 
8.66666666666667 0.0488232421875 0.0163251708984375 0 0.826171875 0.891320288085937 0 0.00292326431181486 0.00984165651644336 0.987235079171742 
8.83333333333333 0.0491555786132813 0.0163238616943359 0 0.826171875 0.891651315307617 0 0.00292329991839121 0.00990876868171354 0.987167931399895 
9 1.66890289306641 0.0112385101318359 45.7116394042969 36.9866821289063 84.3784629364014 0.132224055147499 0.0990194361758011 0.254536490060732 0.514220018615967 
9.16666666666667 0.458050231933594 0.0146517059326172 11.4968078613281 9.89168701171875 21.8611968109131 0.0415697071630993 0.0331025505149414 0.087326912886206 0.838000829435753 
9.33333333333333 0.252908020019531 0.0156450897216797 5.65043334960937 5.377001953125 11.2959884124756 0.0208165828408444 0.0183340864941635 0.049127605007248 0.911721725657744 
9.5 0.254207153320313 0.0156410614013672 5.79061889648437 5.335693359375 11.3961604705811 0.0213246509445031 0.0181860847119559 0.0493605537956119 0.911128710547929 
9.66666666666667 0.05003173828125 0.0163212432861328 0 0.826171875 0.892524856567383 0 0.00292324650885196 0.0100852004555392 0.986991553035609 
9.83333333333333 0.252182922363281 0.0156475067138672 5.66795654296875 5.418310546875 11.3540975189209 0.0208768512216302 0.0184711432393738 0.0489766939704743 0.911675311568522 
10 0.285476989746094 0.0155372314453125 6.33065185546875 3.4733642578125 10.1050303344727 0.0234148985688277 0.0118901019909145 0.0556737233459619 0.909021276094296 
10.1666666666667 0.05003173828125 0.0163212432861328 0 0.826171875 0.892524856567383 0 0.00292324650885196 0.0100852004555392 0.986991553035609 
10.3333333333333 0.04954833984375 0.0163225524902344 0 0.826171875 0.892042767333984 0 0.00292329991839121 0.00998794138783664 0.987088758693772 
10.5 0.0495785522460937 0.0163226531982422 0 0.826171875 0.892073080444336 0 0.00292326431181486 0.00999390986601705 0.987082825822168 
10.6666666666667 0.0494577026367188 0.0163231567382813 0 0.826171875 0.891952734375 0 0.00292324650885196 0.00996948861456386 0.987107264876584 
10.8333333333333 0.0497900390625 0.0163217468261719 0 0.826171875 0.892283660888672 0 0.00292329991839121 0.0100366630531432 0.987040037028466 
11 0.0498202514648438 0.0163218475341797 0 0.826171875 0.892313973999023 0 0.00292326431181486 0.0100426309378806 0.987034104750305 
11.1666666666667 0.0493972778320313 0.0163236602783203 0 0.826171875 0.891892813110352 0 0.00292319310126428 0.00995712650118146 0.987119680397554 
11.3333333333333 0.0497598266601562 0.0163223510742188 0 0.826171875 0.892254052734375 0 0.00292321090357667 0.0100302674128974 0.987046521683526 
11.5 0.0497900390625 0.0163223510742188 0 0.826171875 0.892284265136719 0 0.00292319310126428 0.0100362963143407 0.987040510584395 
11.6666666666667 0.0493972778320313 0.0163236602783203 0 0.826171875 0.891892813110352 0 0.00292319310126428 0.00995712650118146 0.987119680397554 
11.8333333333333 0.0497598266601562 0.0163223510742188 0 0.826171875 0.892254052734375 0 0.00292321090357667 0.0100302674128974 0.987046521683526 
12 0.590048217773438 0.0148318725585938 15.0715393066406 10.168798828125 25.8452182250977 0.0519335803485659 0.0324303554274736 0.107204610951009 0.808431453272952 
12.1666666666667 0.524185180664062 0.0144327667236328 13.3032897949219 11.6335327148438 25.4754404571533 0.0475101409203916 0.0384530047276886 0.0987068548639438 0.815329999487976 
12.3333333333333 0.0508172607421875 0.0163183227539063 0 0.826171875 0.893307458496094 0 0.00292329991839121 0.0102437301306959 0.986832969950913 
12.5 0.0498202514648438 0.0163218475341797 0 0.826171875 0.892313973999023 0 0.00292326431181486 0.0100426309378806 0.987034104750305 
12.6666666666667 0.0494577026367188 0.0163231567382813 0 0.826171875 0.891952734375 0 0.00292324650885196 0.00996948861456386 0.987107264876584 
12.8333333333333 0.0497900390625 0.0163217468261719 0 0.826171875 0.892283660888672 0 0.00292329991839121 0.0100366630531432 0.987040037028466 
13 0.0498202514648438 0.0163218475341797 0 0.826171875 0.892313973999023 0 0.00292326431181486 0.0100426309378806 0.987034104750305 
13.1666666666667 0.0494577026367188 0.0163231567382813 0 0.826171875 0.891952734375 0 0.00292324650885196 0.00996948861456386 0.987107264876584 
13.3333333333333 0.0497900390625 0.0163217468261719 0 0.826171875 0.892283660888672 0 0.00292329991839121 0.0100366630531432 0.987040037028466 
13.5 0.0498202514648438 0.0163218475341797 0 0.826171875 0.892313973999023 0 0.00292326431181486 0.0100426309378806 0.987034104750305 
13.6666666666667 0.959636535644531 0.0135994079589844 25.4596069335937 21.404736328125 47.8375792053223 0.0818670313852648 0.0637028158119855 0.162704449874244 0.691725702928506 
13.8333333333333 0.05051513671875 0.0160113647460938 0 0.826171875 0.892698376464844 0 0.00297877621943651 0.0103760704977039 0.98664515328286 
14 0.183812255859375 0.0158758117675781 3.71969604492188 1.04476318359375 4.96414729614258 0.0140098879208966 0.00364197086423309 0.0365037079703362 0.945844433244534 
14.1666666666667 0.0500619506835938 0.016321142578125 0 0.826171875 0.892554968261719 0 0.00292324650885196 0.0100912905524327 0.986985462938715 
14.3333333333333 0.0497900390625 0.0163217468261719 0 0.826171875 0.892283660888672 0 0.00292329991839121 0.0100366630531432 0.987040037028466 
14.5 0.0498202514648438 0.0163218475341797 0 0.826171875 0.892313973999023 0 0.00292326431181486 0.0100426309378806 0.987034104750305 
14.6666666666667 0.0494577026367188 0.0163231567382813 0 0.826171875 0.891952734375 0 0.00292324650885196 0.00996948861456386 0.987107264876584 
14.8333333333333 0.0497900390625 0.0163217468261719 0 0.826171875 0.892283660888672 0 0.00292329991839121 0.0100366630531432 0.987040037028466 
15 0.0498202514648438 0.0163218475341797 0 0.826171875 0.892313973999023 0 0.00292326431181486 0.0100426309378806 0.987034104750305 
15.1666666666667 0.0494577026367188 0.0163231567382813 0 0.826171875 0.891952734375 0 0.00292324650885196 0.00996948861456386 0.987107264876584 
15.3333333333333 0.0497900390625 0.0163217468261719 0 0.826171875 0.892283660888672 0 0.00292329991839121 0.0100366630531432 0.987040037028466 
15.5 0.0498202514648438 0.0163218475341797 0 0.826171875 0.892313973999023 0 0.00292326431181486 0.0100426309378806 0.987034104750305 
15.6666666666667 0.0494577026367188 0.0163231567382813 0 0.826171875 0.891952734375 0 0.00292324650885196 0.00996948861456386 0.987107264876584 
15.8333333333333 1.76712341308594 0.0106017333984375 48.0533752441406 39.5340454101563 89.3651458007812 0.139075870463264 0.10589867955149 0.269668412511065 0.485357037474181 
16 0.185292663574219 0.0158708770751953 3.71810302734375 1.04476318359375 4.96402975158691 0.014003971992056 0.00364199271601457 0.0367979264041472 0.945556108887782 
16.1666666666667 0.0500921630859375 0.0163210418701172 0 0.826171875 0.892585079956055 0 0.00292324650885196 0.0100973806493261 0.986979372841822 
16.3333333333333 0.0497900390625 0.0163217468261719 0 0.826171875 0.892283660888672 0 0.00292329991839121 0.0100366630531432 0.987040037028466 
16.5 0.0498202514648438 0.0163217468261719 0 0.826171875 0.892313873291016 0 0.00292328211499461 0.0100426920992211 0.987034025785784 
16.6666666666667 0.0494577026367188 0.0163231567382813 0 0.826171875 0.891952734375 0 0.00292324650885196 0.00996948861456386 0.987107264876584 
16.8333333333333 0.0497900390625 0.0163217468261719 0 0.826171875 0.892283660888672 0 0.00292329991839121 0.0100366630531432 0.987040037028466 
17 0.0498202514648438 0.0163218475341797 0 0.826171875 0.892313973999023 0 0.00292326431181486 0.0100426309378806 0.987034104750305 
17.1666666666667 0.0494577026367188 0.0163231567382813 0 0.826171875 0.891952734375 0 0.00292324650885196 0.00996948861456386 0.987107264876584 
17.3333333333333 0.0497900390625 0.0163217468261719 0 0.826171875 0.892283660888672 0 0.00292329991839121 0.0100366630531432 0.987040037028466 
17.5 0.352911071777344 0.0153122497558594 8.33785400390625 7.75740966796875 16.4634869934082 0.0301727119699311 0.0259817372656628 0.0673380681163096 0.876507482648097 
17.6666666666667 0.0504849243164063 0.0163197326660156 0 0.826171875 0.892976531982422 0 0.00292324650885196 0.0101765519089409 0.986900201582207 
17.8333333333333 0.0497900390625 0.0163217468261719 0 0.826171875 0.892283660888672 0 0.00292329991839121 0.0100366630531432 0.987040037028466 
18 0.183842468261719 0.0158757110595703 3.71810302734375 1.04476318359375 4.96258439025879 0.014003971992056 0.00364199271601457 0.036509926980146 0.945844108311783 
18.1666666666667 0.0500921630859375 0.0163210418701172 0 0.826171875 0.892585079956055 0 0.00292324650885196 0.0100973806493261 0.986979372841822 
18.3333333333333 0.0497900390625 0.0163217468261719 0 0.826171875 0.892283660888672 0 0.00292329991839121 0.0100366630531432 0.987040037028466 
18.5 0.0498202514648438 0.0163217468261719 0 0.826171875 0.892313873291016 0 0.00292328211499461 0.0100426920992211 0.987034025785784 
18.6666666666667 0.0494577026367188 0.0163231567382813 0 0.826171875 0.891952734375 0 0.00292324650885196 0.00996948861456386 0.987107264876584 
18.8333333333333 0.0497900390625 0.0163217468261719 0 0.826171875 0.892283660888672 0 0.00292329991839121 0.0100366630531432 0.987040037028466 
19 0.0498202514648438 0.0163218475341797 0 0.826171875 0.892313973999023 0 0.00292326431181486 0.0100426309378806 0.987034104750305 
19.1666666666667 0.757636413574219 0.01396376953125 19.7502319335937 16.8625122070313 37.3843443237305 0.0666817262596274 0.0526924400843337 0.134874790241384 0.745751043414655 
19.3333333333333 0.05099853515625 0.0163175170898438 0 0.826171875 0.893487927246094 0 0.00292333552583498 0.0102803965991863 0.986796267874979 
19.5 0.0498202514648438 0.0163218475341797 0 0.826171875 0.892313973999023 0 0.00292326431181486 0.0100426309378806 0.987034104750305 
19.6666666666667 0.0494577026367188 0.0163231567382813 0 0.826171875 0.891952734375 0 0.00292324650885196 0.00996948861456386 0.987107264876584 
19.8333333333333 0.0497900390625 0.0163217468261719 0 0.826171875 0.892283660888672 0 0.00292329991839121 0.0100366630531432 0.987040037028466 
20 0.183842468261719 0.0158757110595703 3.71810302734375 1.04476318359375 4.96258439025879 0.014003971992056 0.00364199271601457 0.036509926980146 0.945844108311783 
20.1666666666667 0.0500921630859375 0.0163210418701172 0 0.826171875 0.892585079956055 0 0.00292324650885196 0.0100973806493261 0.986979372841822 
20.3333333333333 0.0497900390625 0.0163217468261719 0 0.826171875 0.892283660888672 0 0.00292329991839121 0.0100366630531432 0.987040037028466 
20.5 0.0498504638671875 0.0163217468261719 0 0.826171875 0.892344085693359 0 0.00292326431181486 0.0100487210718636 0.987028014616322 
20.6666666666667 0.0494577026367188 0.0163231567382813 0 0.826171875 0.891952734375 0 0.00292324650885196 0.00996948861456386 0.987107264876584 
20.8333333333333 0.354210205078125 0.0153076171875 8.28847045898437 7.8520751953125 16.5100634765625 0.0299903740294774 0.0262956152839661 0.0675777715013632 0.876136239185193 
21 0.050877685546875 0.0163183227539063 0 0.826171875 0.893367883300781 0 0.00292326431181486 0.0102557856272838 0.986820950060901 
21.1666666666667 0.0494577026367188 0.0163231567382813 0 0.826171875 0.891952734375 0 0.00292324650885196 0.00996948861456386 0.987107264876584 
21.3333333333333 0.0497900390625 0.0163217468261719 0 0.826171875 0.892283660888672 0 0.00292329991839121 0.0100366630531432 0.987040037028466 
21.5 0.0498202514648438 0.0163218475341797 0 0.826171875 0.892313973999023 0 0.00292326431181486 0.0100426309378806 0.987034104750305 
21.6666666666667 0.0494577026367188 0.0163231567382813 0 0.826171875 0.891952734375 0 0.00292324650885196 0.00996948861456386 0.987107264876584 
21.8333333333333 0.0497598266601562 0.0163217468261719 0 0.826171875 0.892253448486328 0 0.00292331772200467 0.0100306339336285 0.987046048344367 
22 0.183812255859375 0.0158758117675781 3.71810302734375 1.04476318359375 4.96255427856445 0.014003971992056 0.00364199271601457 0.036503926992146 0.945850108299783 
22.1666666666667 0.0500921630859375 0.0163210418701172 0 0.826171875 0.892585079956055 0 0.00292324650885196 0.0100973806493261 0.986979372841822 
22.3333333333333 0.0497900390625 0.0163217468261719 0 0.826171875 0.892283660888672 0 0.00292329991839121 0.0100366630531432 0.987040037028466 
22.5 0.0498202514648438 0.0163217468261719 0 0.826171875 0.892313873291016 0 0.00292328211499461 0.0100426920992211 0.987034025785784 
22.6666666666667 0.0494577026367188 0.0163231567382813 0 0.826171875 0.891952734375 0 0.00292324650885196 0.00996948861456386 0.987107264876584 
22.8333333333333 0.150306701660156 0.0159870941162109 2.58865356445312 3.25477294921875 6.00972030944824 0.00971669118262596 0.0113072387854435 0.029748023774501 0.94922804625743 
23 0.0506661987304688 0.0163194305419922 0 0.826171875 0.893157504272461 0 0.00292319310126428 0.0102129058975421 0.986863901001194 
23.1666666666667 0.0493972778320313 0.0163236602783203 0 0.826171875 0.891892813110352 0 0.00292319310126428 0.00995712650118146 0.987119680397554 
23.3333333333333 0.0497598266601562 0.0163223510742188 0 0.826171875 0.892254052734375 0 0.00292321090357667 0.0100302674128974 0.987046521683526 
23.5 0.0498202514648438 0.0163222503662109 0 0.826171875 0.892314376831055 0 0.00292319310126428 0.0100423862999683 0.987034420598767 
23.6666666666667 0.0493972778320313 0.0163236602783203 0 0.826171875 0.891892813110352 0 0.00292319310126428 0.00995712650118146 0.987119680397554 
23.8333333333333 0.0497598266601562 0.0163223510742188 0 0.826171875 0.892254052734375 0 0.00292321090357667 0.0100302674128974 0.987046521683526 
24 0.183782043457031 0.0158761138916016 3.71810302734375 1.04476318359375 4.96252436828613 0.0140038039467447 0.00364194901271382 0.0364974890351535 0.945856758005388 
24.1666666666667 0.05003173828125 0.0163215454101562 0 0.826171875 0.892525158691406 0 0.00292319310126428 0.0100850161993618 0.986991790699374 
24.3333333333333 0.0497598266601562 0.0163223510742188 0 0.826171875 0.892254052734375 0 0.00292321090357667 0.0100302674128974 0.987046521683526 
24.5 0.0498202514648438 0.0163222503662109 0 0.826171875 0.892314376831055 0 0.00292319310126428 0.0100423862999683 0.987034420598767 
24.6666666666667 0.0493972778320313 0.0163236602783203 0 0.826171875 0.891892813110352 0 0.00292319310126428 0.00995712650118146 0.987119680397554 
24.8333333333333 1.66702972412109 0.0112450561523438 45.6208374023437 37.02626953125 84.3253817138672 0.131980256881749 0.0991395797904944 0.254287123191712 0.514593040136045 
25 1.59751098632813 0.0108563232421875 43.801611328125 35.5529296875 80.9629083251953 0.131668167104028 0.0989139387438466 0.25320359338786 0.516214300764265 
25.1666666666667 0.0509078979492188 0.0163183227539063 0 0.826171875 0.893398095703125 0 0.00292324650885196 0.0102618132654491 0.986814940225699 
25.3333333333333 0.0497900390625 0.0163217468261719 0 0.826171875 0.892283660888672 0 0.00292329991839121 0.0100366630531432 0.987040037028466 
25.5 0.0498202514648438 0.0163218475341797 0 0.826171875 0.892313973999023 0 0.00292326431181486 0.0100426309378806 0.987034104750305 
25.6666666666667 0.0494577026367188 0.0163231567382813 0 0.826171875 0.891952734375 0 0.00292324650885196 0.00996948861456386 0.987107264876584 
25.8333333333333 0.0497900390625 0.0163217468261719 0 0.826171875 0.892283660888672 0 0.00292329991839121 0.0100366630531432 0.987040037028466 
26 0.183812255859375 0.0158758117675781 3.71810302734375 1.04476318359375 4.96255427856445 0.014003971992056 0.00364199271601457 0.036503926992146 0.945850108299783 
26.1666666666667 0.0500921630859375 0.0163210418701172 0 0.826171875 0.892585079956055 0 0.00292324650885196 0.0100973806493261 0.986979372841822 
26.3333333333333 0.0497900390625 0.0163217468261719 0 0.826171875 0.892283660888672 0 0.00292329991839121 0.0100366630531432 0.987040037028466 
26.5 0.0498504638671875 0.0163217468261719 0 0.826171875 0.892344085693359 0 0.00292326431181486 0.0100487210718636 0.987028014616322 
26.6666666666667 0.0494577026367188 0.0163231567382813 0 0.826171875 0.891952734375 0 0.00292324650885196 0.00996948861456386 0.987107264876584 
26.8333333333333 0.554760131835938 0.0146396209716797 13.89111328125 12.371923828125 26.8324368621826 0.0485423381597332 0.0400140282903856 0.102217249230392 0.809226384319489 oE-wB-
27 0.151938171386719 0.0159806488037109 3.06974487304687 2.8124267578125 6.0500904510498 0.0115200899128969 0.0097684623340288 0.0300646248946333 0.948646822858441 
27.1666666666667 0.0487628173828125 0.0163226531982422 0 0.826171875 0.891257345581055 0 0.00292374507379411 0.00983109281063269 0.987245162115573 
27.3333333333333 0.0481585693359375 0.0163240631103516 0 0.826171875 0.890654507446289 0 0.00292385193126511 0.00970962495507623 0.987366523113659 
27.5 0.04809814453125 0.016324365234375 0 0.826171875 0.890594384765625 0 0.00292383412114419 0.00969738316846158 0.987378782710394 
27.6666666666667 0.0475845336914062 0.0163262786865234 0 0.826171875 0.89008268737793 0 0.00292379850155327 0.00959371383322166 0.987482487665225 
27.8333333333333 0.0476449584960938 0.0163253723144531 0 0.826171875 0.890142205810547 0 0.00292392317391861 0.00960630592764508 0.987469770898436 
28 0.181667175292969 0.0158792358398437 3.71810302734375 1.04476318359375 4.96041262207031 0.0140070815579427 0.00364280141631159 0.0360859389065594 0.946264178119186 
28.1666666666667 0.0483700561523438 0.0163236602783203 0 0.826171875 0.890865591430664 0 0.00292379850155327 0.0097520862520558 0.987324115246391 
28.3333333333333 0.0479168701171875 0.0163248687744141 0 0.826171875 0.890413613891602 0 0.00292385193126511 0.00966089408955515 0.98741525397918 
28.5 0.047735595703125 0.0163251708984375 0 0.826171875 0.890232641601562 0 0.00292390536292975 0.00962452181964377 0.987451572817426 
28.6666666666667 0.350614929199219 0.0156239410400391 8.33307495117187 7.745361328125 16.4446751495361 0.0296412563676853 0.0254990735336616 0.0657592774129207 0.879100392685732 
28.8333333333333 0.859391784667969 0.0133151092529297 22.76103515625 19.0398193359375 42.6735613861084 0.0768130745658836 0.0594699209719908 0.152921885920112 0.710795118542014 
29 0.0494577026367188 0.0163199340820313 0 0.826171875 0.89194951171875 0 0.00292381631124025 0.00997143187812559 0.987104751810634 
29.1666666666667 0.04761474609375 0.0163262786865234 0 0.826171875 0.890112899780273 0 0.00292378069208325 0.00959974660567335 0.987476472702243 
29.3333333333333 0.0482794189453125 0.0163238616943359 0 0.826171875 0.890775155639648 0 0.00292381631124025 0.00973387180283732 0.987342311885922 
29.5 0.0479168701171875 0.0163248687744141 0 0.826171875 0.890413613891602 0 0.00292385193126511 0.00966089408955515 0.98741525397918 
29.6666666666667 0.0474032592773437 0.0163264801025391 0 0.826171875 0.889901614379883 0 0.00292386974160301 0.00955739921786484 0.987518731040532 
29.8333333333333 0.0477053833007813 0.0163250701904297 0 0.826171875 0.890202328491211 0 0.00292394098512445 0.00961854753231564 0.98745751148256 
30 0.182120361328125 0.01587802734375 3.7212890625 1.04476318359375 4.96405063476563 0.0140186635460738 0.00364269211150119 0.0361748732259129 0.946163771116512 
30.1666666666667 0.0478564453125 0.0163248687744141 0 0.826171875 0.890353189086914 0 0.00292388755215789 0.00964882892212104 0.987427283525721 
30.3333333333333 0.0476449584960938 0.0163253723144531 0 0.826171875 0.890142205810547 0 0.00292392317391861 0.00960630592764508 0.987469770898436 
30.5 0.75627685546875 0.0139657836914063 19.7295227050781 16.8229248046875 37.3226901489258 0.0666336681605664 0.0525859889060457 0.134676946418676 0.746103396514712 
30.6666666666667 0.0493670654296875 0.0163205383300781 0 0.826171875 0.891859478759766 0 0.0029237628828302 0.00995297614696781 0.987123260970202 
30.8333333333333 0.0479168701171875 0.0163247680664063 0 0.826171875 0.890413513183594 0 0.00292386974160301 0.00966095293787995 0.987415177320517 
31 0.047735595703125 0.0163252716064453 0 0.826171875 0.89023274230957 0 0.00292388755215789 0.00962446319251972 0.987451649255322 
31.1666666666667 0.0481283569335938 0.0163246673583984 0 0.826171875 0.890624899291992 0 0.0029237628828302 0.00970323806739273 0.987372999049777 
31.3333333333333 0.047735595703125 0.0163252716064453 0 0.826171875 0.89023274230957 0 0.00292388755215789 0.00962446319251972 0.987451649255322 
31.5 0.0482492065429687 0.0163239624023438 0 0.826171875 0.890745043945313 0 0.00292381631124025 0.00972778051885557 0.987348403169904 
31.6666666666667 0.0475845336914062 0.0163261779785156 0 0.826171875 0.890082586669922 0 0.00292381631124025 0.00959377227125706 0.987482411417503 
31.8333333333333 0.0475543212890625 0.0163256744384766 0 0.826171875 0.890051870727539 0 0.00292392317391861 0.00958803140780809 0.987488045418273 
32 0.181878662109375 0.0158785308837891 3.71810302734375 1.04476318359375 4.96062340393066 0.0140070815579427 0.00364280141631159 0.0361279481485927 0.946222168877153 
32.1666666666667 0.0480075073242188 0.0163241638183594 0 0.826171875 0.890503546142578 0 0.00292392317391861 0.00967940400699305 0.987396672819088 
32.3333333333333 0.374422302246094 0.0159557739257812 10.4565673828125 7.01385498046875 17.8608004394531 0.0361716666299292 0.0224557497740648 0.0682930323803646 0.873079551215641 oB-
32.5 0.8841357421875 0.0128205322265625 25.4070373535156 16.1396118164063 42.4436054443359 0.0876829362155981 0.0515520028148262 0.160884910992116 0.699880149977459 
32.6666666666667 0.557297973632813 0.0146272338867188 15.3901428222656 9.97430419921875 25.9363722290039 0.0539280810065533 0.0323479173411631 0.102966295647126 0.810757706005158 
32.8333333333333 0.958548889160156 0.0132904357910156 27.7710754394531 17.5251708984375 46.2680856628418 0.0911234005185247 0.0532219620306097 0.165839048256252 0.689815589194614 
33 1.79289459228516 0.0108263122558594 55.4784301757812 32.1811157226563 89.4632668029785 0.158035649459087 0.0848444420242503 0.26929045959486 0.487829448921804 
33.1666666666667 0.91845703125 0.0131106719970703 26.7133117675781 16.4150024414063 44.0598819122314 0.0897260970298195 0.0510297446104949 0.162661658399816 0.69658249995987 
33.3333333333333 1.02574127197266 0.0130674682617188 28.7555603027344 19.9554931640625 49.7498622070313 0.0933582274814845 0.0599631759692168 0.175591667011461 0.671086929537838 
33.5 1.52400421142578 0.0117218078613281 45.789697265625 28.6561157226563 75.9815390075684 0.135437968242002 0.0784479102860105 0.237680817980493 0.548433303491495 
33.6666666666667 0.87567626953125 0.0132532745361328 26.495068359375 15.649072265625 43.0330701690674 0.0892710497077436 0.0488006483852095 0.155569510866356 0.70635879104069 
33.8333333333333 0.659566955566406 0.0142863372802734 18.4821899414062 11.7006591796875 30.8567024139404 0.0637157449612829 0.037333186885606 0.119891262562469 0.779059805590642 
34 1.11344787597656 0.0130895233154297 33.1634399414062 17.7385986328125 52.0285759735107 0.105166377877577 0.0520628634069703 0.186175506307053 0.6565952524084 
34.1666666666667 1.76515960693359 0.0102912506103516 54.9160949707031 31.2947021484375 87.9862479766846 0.16164093234366 0.085253834359424 0.273949800486709 0.479155432810207 
34.3333333333333 0.820115661621094 0.0137556060791016 23.9733215332031 14.5010375976562 39.3082303985596 0.0803865219435067 0.0450034186573223 0.144999145335669 0.729610914063502 
34.5 1.31602203369141 0.0124171966552734 39.8827880859375 23.4409057617188 64.6521330780029 0.121821977198523 0.0662683139266129 0.211952528550505 0.599957180324359 
34.6666666666667 1.18441680908203 0.0122264556884766 35.8540466308594 21.2171264648438 58.2678163604736 0.115159484655294 0.0630724204623367 0.200586363217732 0.621181731664637 
34.8333333333333 0.905012512207031 0.0134680847167969 25.8116638183594 16.0776489257813 42.8077933410645 0.0856246003604023 0.0493624262153007 0.158296914385969 0.706716059038328 
35 2.54835571289063 0.00799611511230469 74.3732116699219 51.26396484375 128.193528341675 0.194352629694694 0.123987378131531 0.351131055957505 0.33052893621627 
35.1666666666667 2.84658233642578 0.00700494689941406 86.4419128417969 54.8939575195313 144.189457644653 0.217111054206744 0.127606709024855 0.37697853816238 0.278303698606021 
35.3333333333333 2.01942718505859 0.0100715057373047 58.0957580566406 41.0383666992188 101.163623446655 0.160543229441803 0.10496126078535 0.294246346187709 0.440249163585138 
35.5 1.88619049072266 0.0102002105712891 54.8523742675781 37.8971923828125 94.6459573516846 0.156394918402849 0.100005904608774 0.283562023373167 0.46003715361521 
35.6666666666667 2.08208770751953 0.00924469299316406 62.153173828125 41.3120361328125 105.55654236145 0.174388772180754 0.107281097751754 0.308027533187324 0.410302596880168 
35.8333333333333 1.56485137939453 0.0112749664306641 46.2022888183594 30.5735229492188 78.3519381134033 0.13776969190283 0.0843775829145251 0.246035968420753 0.531816756761892 
36 1.36599334716797 0.0119368194580078 39.9879272460937 23.8178466796875 65.1837040924072 0.123849182463169 0.0682744397627811 0.223073583248636 0.584802794525414 
36.1666666666667 1.06253997802734 0.0129480285644531 32.3334777832031 19.1964477539062 52.6054135437012 0.103986392675817 0.0571394904425967 0.180179210918648 0.658694905962938 
36.3333333333333 1.42980194091797 0.0117238220214844 43.0974975585937 26.9796752929688 71.5186986145019 0.131032411802313 0.0759197551194374 0.22921227502567 0.56383555805258 
36.5 1.13072937011719 0.0127175079345703 34.3996215820312 21.1448364257812 56.6879048858642 0.109289119674471 0.0621754577753485 0.18941625418805 0.639119168362131 
36.6666666666667 1.08492736816406 0.0128697784423828 32.1725830078125 20.08974609375 53.3601262481689 0.103266844266277 0.0596816501424035 0.183616180313032 0.653435325278288 
36.8333333333333 1.47228057861328 0.0115797088623047 45.127001953125 27.33251953125 73.9433817718506 0.13624339896692 0.0763747943940516 0.234371543174844 0.553010263464184 
37 0.983262634277344 0.013208056640625 29.3959533691406 17.8212158203125 48.2136398803711 0.0958577484104226 0.0537858953580185 0.16906142210032 0.681294934131239 
37.1666666666667 1.08226867675781 0.0128788421630859 31.6500732421875 20.9296875 53.6749082611084 0.101505622455079 0.062125446398921 0.183014616850506 0.653354314295494 
37.3333333333333 1.16918975830078 0.012589306640625 34.3040405273437 22.1775512695312 57.6633708618164 0.1086884104055 0.0650343720662609 0.195325197096797 0.630952020431443 
37.5 1.47185760498047 0.011580615234375 45.1700134277344 26.8385375976563 73.4919892456055 0.136547287112883 0.0750901727367727 0.234603215880033 0.553759324270311 
37.6666666666667 1.16263366699219 0.0126111602783203 34.4314819335937 21.6956176757812 57.3023444366455 0.109202429190708 0.0636854177824035 0.194426199690794 0.632685953336095 
37.8333333333333 1.47515075683594 0.0115703430175781 44.8832702636719 27.8316650390625 74.2016564025879 0.135417017124786 0.0777175924368334 0.234671562666718 0.552193827771663 
38 1.28167053222656 0.0122145721435547 38.5653625488281 21.1517211914063 61.0109688446045 0.120919847957364 0.0613814701783654 0.211890693132608 0.605807988731663 
38.1666666666667 1.08030487060547 0.0128854888916016 31.2565979003906 19.7575561523438 52.1073444122314 0.100720717021036 0.0589252897754689 0.183551841319056 0.656802151884439 
38.3333333333333 1.51173797607422 0.0114480834960938 46.82197265625 27.5373413085938 75.8825000244141 0.14056163440202 0.0765121661948121 0.239292409518708 0.543633789884459 
38.5 0.895223693847656 0.0135016204833984 25.8084777832031 16.248046875 42.9652499725342 0.0855661010145823 0.0498576627107991 0.156497076672001 0.708079159602618 
38.6666666666667 1.09254089355469 0.0128446014404297 32.9770568847656 19.9193481445312 54.001790524292 0.105628664295664 0.0590522453936391 0.184519769975354 0.650799320335342 
38.8333333333333 1.00719085693359 0.0131287994384766 30.6831115722656 18.3461791992188 50.0496104278565 0.0994773321213498 0.0550505624360868 0.172175682515417 0.673296422927147 
39 0.530439147949219 0.0147166625976563 14.337158203125 9.6111328125 24.4934468261719 0.0504843694782721 0.0313227465740746 0.0984837861033359 0.819709097844317 
39.1666666666667 0.753980712890625 0.0139722290039062 21.3655517578125 13.7953491210938 35.9288538208008 0.0724491284173225 0.0432955386418759 0.134807668415054 0.749447664525748 
39.3333333333333 1.05770599365234 0.012959912109375 32.2633850097656 19.1585815429688 52.4926324584961 0.103818413889615 0.0570583501212317 0.179458788913323 0.65966444707583 
39.5 0.98444091796875 0.0132046325683594 28.8925598144531 17.9657958984375 47.8560012634277 0.094327454661764 0.0542862640877484 0.16946384642989 0.681922434820597 
39.6666666666667 1.35934661865234 0.0119556518554688 40.5104370117187 25.452978515625 67.3347177978516 0.124701486316182 0.0725161454834328 0.220632873528272 0.582149494672113 
39.8333333333333 0.459772338867188 0.0149518157958984 12.61669921875 8.34605712890625 21.4374805023193 0.044884219116597 0.0274802498101488 0.0862434402167137 0.841392090856541 
40 1.05036437988281 0.0129849884033203 31.2550048828125 16.9812744140625 49.2996286651611 0.101558577351713 0.0510691602523953 0.179958486249217 0.667413776146675 
40.1666666666667 1.18997589111328 0.0125197174072266 36.9420776367187 21.5682495117188 59.712822756958 0.116284317412561 0.0628356525009402 0.197502820609252 0.623377209477247 
40.3333333333333 0.838061828613281 0.0136950805664063 24.7315979003906 15.1740234375 40.7573782470703 0.0825499287491758 0.0468766616330264 0.147494523257545 0.723078886360253 
40.5 1.14230072021484 0.0126784332275391 34.1272155761719 21.0105834960938 56.292778225708 0.108563233535362 0.0618602152717248 0.191600956763221 0.637975594429692 
40.6666666666667 1.04634613037109 0.0129986846923828 31.6198059082031 18.9795776367188 51.6587283599854 0.102008407766392 0.0566701955987707 0.177986658580958 0.66333473805388 
40.8333333333333 1.01244781494141 0.0131106719970703 29.6094177246094 18.50625 49.1412262115478 0.0962882378843215 0.0556997435698189 0.173600642370555 0.674411376175305 
41 1.0170703125 0.0134084655761719 30.2529968261719 18.5561645507813 49.8396401550293 0.0966079622338207 0.0548433700617567 0.171250089023187 0.677298578681236 
41.1666666666667 1.06825012207031 0.0126128723144531 32.9085571289062 19.3565185546875 53.3459386779785 0.107312055853385 0.0584195653077339 0.183674105473133 0.650594273365748 
41.3333333333333 1.21236328125 0.0124477111816406 36.2761962890625 22.1155883789063 59.6165956604004 0.114230678551901 0.0644541537288501 0.201293196422391 0.620021971296858 
41.5 1.27647399902344 0.012544189453125 38.3566772460937 23.2274780273438 62.8731734619141 0.117808232582945 0.066027996457631 0.206719736964425 0.609444033995 
41.6666666666667 1.05716217041016 0.0126500335693359 32.7667785644531 19.1568603515625 52.9934511199951 0.106962522295776 0.0578780141548926 0.18195953219172 0.653199931357611 
41.8333333333333 0.9904833984375 0.0131877136230469 28.8176879882812 17.9244873046875 47.7458464050293 0.094102102601983 0.0541724320893892 0.170538603189796 0.681186862118832 
42 1.06483612060547 0.0129409790039062 30.7978088378906 18.4838745117188 50.3594604492187 0.099748732051368 0.0554079363523324 0.181846793624914 0.662996537971385 oE-wE-oB-
42.1666666666667 0.761956787109375 0.0139458435058594 21.9358520507812 13.8641967773438 36.5759514587402 0.074222603127375 0.0434177972542488 0.135940018218765 0.746419581399611 
42.3333333333333 1.11063812255859 0.0127840759277344 33.5537292480469 20.2962890625 54.9734405090332 0.107159210004172 0.0599924704158569 0.187023677489596 0.645824642090375 
42.5 1.31910369873047 0.0120899963378906 40.5821228027344 24.0140625 65.9273789978027 0.125407358544438 0.0686823735588615 0.214932705845287 0.590977562051413 
42.6666666666667 0.833650817871094 0.0137069641113281 23.6579040527344 15.1155029296875 39.6207647644043 0.0792763649563342 0.046879337219482 0.147294642666496 0.726549655157688 
42.8333333333333 1.28982788085938 0.0121871795654297 39.3602783203125 23.4684448242188 64.1307382049561 0.122286562731997 0.0674832962138085 0.21129423410047 0.598935906953724 
43 1.13039703369141 0.0127202270507813 34.4824584960937 20.4632446289063 56.0888203857422 0.109734459438907 0.060271319794381 0.189675450425331 0.64031877034138 
43.1666666666667 0.703526000976562 0.0141408142089844 19.5718139648437 12.8831176757812 33.1725984558105 0.0669642613819078 0.0407966381607993 0.126919240642935 0.765319859814358 
43.3333333333333 0.965497741699219 0.0132670715332031 28.967431640625 17.618115234375 47.5643116882324 0.0946516409442261 0.0532805871483226 0.166343075761913 0.685724696145538 
43.5 0.955225524902344 0.0133019165039063 28.1040161132812 17.4132934570313 46.4858370117187 0.0921445732790139 0.0528413245586545 0.165136320902538 0.689877781259793 
43.6666666666667 0.946584777832031 0.0133306182861328 28.3875732421875 17.2652709960938 46.6127596343994 0.0930300546590725 0.05236725467369 0.1635647947544 0.691037895912838 
43.8333333333333 0.787184143066406 0.0138613494873047 22.7275817871094 14.4115356445312 37.9401629241943 0.0765668101366364 0.0449354385136368 0.139829553382635 0.738668197967091 
44 1.25112579345703 0.0123161865234375 37.684423828125 20.9055908203125 59.853456628418 0.118571092030936 0.0608794590720218 0.207564571021859 0.612984877875184 
44.1666666666667 1.27804504394531 0.0122268585205078 37.1969604492187 24.6027099609375 63.0899423126221 0.115964341585756 0.0709890491917261 0.210086662859129 0.602959946363388 
44.3333333333333 0.7584521484375 0.0139575256347656 21.4977722167969 14.7988037109375 37.0689856018066 0.0726353806158533 0.0462778067828905 0.135119569839228 0.745967242762028 
44.5 0.871627807617188 0.0135801727294922 25.2365844726562 15.8315185546875 41.9533110076904 0.083936906912794 0.048734482374945 0.152858210101888 0.714470400610373 
44.6666666666667 1.04673889160156 0.0129966705322266 31.1132263183594 19.0535888671875 51.2265507476807 0.100519814719506 0.0569737519300051 0.178311888831704 0.664194544518785 
44.8333333333333 0.823076477050781 0.0137418090820313 24.2313903808594 15.0328857421875 40.1010944091797 0.0810648049456406 0.0465465785546792 0.145187593263696 0.727201023235984 
45 0.782561645507812 0.0138769592285156 22.3675598144531 14.189501953125 37.3535003723144 0.075496959366817 0.0443271086831451 0.139272291255558 0.74090364069448 
45.1666666666667 1.07957977294922 0.0128877044677734 32.4784423828125 19.7300170898437 53.3009269500732 0.104257114366802 0.0586177801641482 0.182726087290021 0.654399018179029 
45.3333333333333 1.03308288574219 0.0130422912597656 31.3330627441406 18.9485961914063 51.3277841125488 0.101189435018366 0.0566370679809443 0.175914969801109 0.66625852719958 
45.5 0.5505908203125 0.0146495910644531 14.7672729492188 9.934716796875 25.2672301574707 0.0518653626658908 0.0322941610903476 0.101962715126558 0.813877761117203 
45.6666666666667 1.05858215332031 0.0129575958251953 31.5449340820312 19.325537109375 51.9420109405518 0.10168795222176 0.0576584348826342 0.17992841480386 0.660725198091746 
45.8333333333333 1.28883087158203 0.0121923156738281 39.2869995117187 23.36689453125 63.9549172302246 0.122111475864391 0.0672202334090898 0.211221857468942 0.599446433257577 
46 1.15831329345703 0.0129387634277344 32.6775695800781 19.883203125 53.7320247619629 0.103141561327823 0.058084693436309 0.192772598827445 0.646001146408423 
46.1666666666667 1.79014526367187 0.0105182464599609 52.3051391601562 35.5064575195313 89.6122601898193 0.15119866640879 0.094995349008556 0.272852024793008 0.480953959789646 
46.3333333333333 1.77156463623047 0.0102779571533203 52.9949157714844 34.1501586914062 88.9269170562744 0.155597234824744 0.0928008157079915 0.274258426020337 0.477343523446928 
46.5 1.46635894775391 0.0116027709960938 45.0951416015625 27.2516235351563 73.8247268554688 0.136169475871623 0.0761612021857924 0.233467059185715 0.554202262756869 
46.6666666666667 1.14725555419922 0.0126636291503906 35.5625244140625 20.950341796875 57.6727853942871 0.112625179729082 0.0614080669979568 0.191574805135837 0.634391948137124 
46.8333333333333 1.075078125 0.0129041198730469 31.1992492675781 20.2842407226562 52.5714722351074 0.100390592963176 0.0604086361026819 0.182399737554334 0.656801033379808 
47 1.12492858886719 0.012737548828125 33.1953002929687 20.7248657226563 55.0578321533203 0.105995635653355 0.0612483659133336 0.189396367113783 0.643359631319528 
47.1666666666667 1.28568878173828 0.0122009765625 39.5163940429687 23.3152587890625 64.129542590332 0.122766122766123 0.0670398250016084 0.210606802963491 0.599587249268778 
47.3333333333333 1.04404998779297 0.0130084533691406 30.8981689453125 19.0260498046875 50.9812771911621 0.0998882462907553 0.0569274424880393 0.177966494486989 0.665217816734217 
47.5 1.21907043457031 0.0124231384277344 36.4084167480469 22.5321166992188 60.1720270202637 0.114473038356356 0.0655684333897643 0.20209963236399 0.61785889588989 
47.6666666666667 1.16208984375 0.0126132751464844 35.2359558105469 21.7162719726563 58.1269309020996 0.111461052376969 0.0635790088991464 0.19382602823942 0.631133910484464 
47.8333333333333 1.62149963378906 0.0110826141357422 48.4834899902344 30.6337646484375 80.7498368865967 0.143595187544232 0.0839726350554376 0.253220099079972 0.519212078320359 
48 1.48883697509766 0.0118357086181641 43.50849609375 26.3428344726562 71.3520032501221 0.130416720386208 0.073082451139093 0.23531068994991 0.56119013852479 
48.1666666666667 1.097314453125 0.0125182067871094 32.6218139648437 20.0449951171875 53.7766417419434 0.106243449928922 0.0604214873460409 0.18843452004192 0.644900542683117 
48.3333333333333 0.445361022949219 0.0150000549316406 11.6130981445312 8.0448486328125 20.1183078552246 0.0415027526174061 0.0266095837769213 0.0839220955189552 0.847965568086717 
48.5 1.08326568603516 0.0131874114990234 32.8384643554687 19.7713256835938 53.7062431365967 0.103638456936296 0.057751768449948 0.180263746650377 0.658346027963379 
48.6666666666667 0.919937438964844 0.0131073486328125 27.6770874023437 16.805712890625 45.4158450805664 0.092543371382611 0.0520083733267994 0.162187931117136 0.693260324173454 
48.8333333333333 0.384271545410156 0.0152033843994141 9.4625244140625 6.90025634765625 16.7622556915283 0.0342100867922572 0.0230889289478383 0.073252204362074 0.869448779897831 
49 1.0968310546875 0.0131425964355469 32.5501281738281 20.00712890625 53.6672307312012 0.102749128797212 0.0584523013330785 0.182557841327949 0.65624072854176 
49.1666666666667 1.20529357910156 0.0121567657470703 36.9229614257812 21.8436401367188 59.9840519073486 0.117968606852745 0.06459313096765 0.203047700482502 0.614390561697103 
49.3333333333333 0.858092651367187 0.0136274047851562 24.6583190917969 15.6387451171875 41.1687842651367 0.0822113520604622 0.0482571448298572 0.150847394613428 0.718684108496253 
49.5 0.975316772460938 0.0132347442626953 29.1108032226562 17.7678588867187 47.8672136260986 0.0950305778591338 0.0536828639181262 0.167876606897699 0.683409951325041 
49.6666666666667 0.773769836425781 0.01390576171875 23.0876037597656 14.0087768554688 37.8840562133789 0.0777842778400949 0.0436822077789645 0.137454849911176 0.741078664469765 
49.8333333333333 1.45076934814453 0.0116512115478516 42.6641967773437 27.8953491210938 72.0219664581299 0.129568797441715 0.0784079419064252 0.232311406330884 0.559711854320976 
50 1.18755889892578 0.0125281768798828 35.1929443359375 19.4408569335938 55.8338883453369 0.112088079352596 0.0573073898373881 0.199431746112281 0.631172784697735 
50.1666666666667 0.830206604003906 0.0137181427001953 24.8080627441406 15.0828002929687 40.7347877838135 0.0828210091899251 0.0466037695711368 0.146140018720218 0.72443520251872 
50.3333333333333 0.764434204101562 0.0139370819091797 21.9390380859375 13.9812377929687 36.698647164917 0.0742073840981098 0.0437689936849365 0.136334245748648 0.745689376468306 
50.5 0.973624877929687 0.0132403839111328 28.2489807128906 17.77646484375 47.0123108184814 0.0924749687108886 0.0538589904046725 0.168053817271589 0.685612223612849 
50.6666666666667 0.878425598144531 0.0135574127197266 26.240185546875 15.9072509765625 43.0394195343018 0.0869647853861993 0.0487936223008289 0.153502982947046 0.710738609365926 
50.8333333333333 0.754887084960938 0.0139688049316406 21.3671447753906 13.8194458007813 35.9554464660645 0.072450225242257 0.0433685870774682 0.134961703414824 0.749219484265451 
51 0.816611022949219 0.0137635620117188 23.512939453125 14.926171875 39.2694859130859 0.0788760694494172 0.0463423627551048 0.144440466202459 0.730341101593019 
51.1666666666667 1.02033325195312 0.0130848907470703 31.4764343261719 18.5441162109375 51.0539686798096 0.101727812844301 0.0554691763542943 0.173872751423541 0.668930259377864 
51.3333333333333 0.983171997070313 0.0132082580566406 28.8224670410156 17.9468627929688 47.7657100891113 0.0941284804594831 0.0542462646189703 0.169299121821284 0.682326133100262 
51.5 0.469591369628906 0.0149193878173828 12.1865844726562 8.45965576171875 21.1307509918213 0.0434035165358888 0.027886050166522 0.0881857330087999 0.840524700288789 
51.6666666666667 0.833288269042969 0.0137085754394531 24.8781555175781 15.249755859375 40.9749082214355 0.0829896907216495 0.0470825805080242 0.146567116590498 0.723360612179828 
51.8333333333333 1.10707305908203 0.0127959594726563 32.8575805664062 20.7971557617187 54.7746053466797 0.105013950267804 0.0615186444820072 0.186561920860233 0.646905484389956 
52 1.42738494873047 0.0117291595458984 43.495751953125 24.0020141601562 68.9368802215576 0.133215587355643 0.0680373339318212 0.230507267236206 0.56823981147633 
52.1666666666667 1.08770690917969 0.0128607147216797 32.3159545898437 20.454638671875 53.8711608856201 0.103566049776643 0.0606713465220166 0.18380089342693 0.65196171027441 
52.3333333333333 1.34200469970703 0.0120126525878906 41.1603881835937 24.5424682617188 67.0568737976074 0.126782402182553 0.0699663392182455 0.217956015270022 0.585295243329179 
52.5 1.09936889648438 0.0128215393066406 32.6919067382812 20.0088500976562 53.8129472717285 0.104784808704665 0.0593569535713739 0.185796200133777 0.650062037590184 
52.6666666666667 0.942294616699219 0.0133446166992188 27.9622375488281 17.1568359375 46.0747127197266 0.0917957514459936 0.0521289836730852 0.163107029672939 0.692968235207983 
52.8333333333333 1.16372131347656 0.0126088439941406 34.9141662597656 21.0518920898438 57.1423885070801 0.110765763033942 0.0618139365637698 0.194665130288879 0.632755170113409 
53 0.703405151367188 0.0141414184570313 19.7852783203125 12.8900024414063 33.392827331543 0.0676430061379765 0.0407873166640343 0.126800681876358 0.764768995321631 
53.1666666666667 0.712438659667969 0.0141107025146484 20.6486938476562 13.0500732421875 34.4253164520264 0.0703538862353452 0.0411528441163699 0.127990664350847 0.760502605297438 
53.3333333333333 0.938487854003906 0.0133574066162109 28.0323303222656 17.149951171875 46.1341267547607 0.0920061278162073 0.0520968947866506 0.162413272055171 0.693483705341971 
53.5 0.767908630371094 0.0139256011962891 21.3639587402344 13.9089477539063 36.054740725708 0.072419081356042 0.0436372079962848 0.137251196094737 0.746692514552936 
53.6666666666667 0.852171020507812 0.0136450286865234 25.0231201171875 15.6163696289062 41.5053057952881 0.0833412918218572 0.0481382442513185 0.149651418202655 0.718869045724169 
53.8333333333333 1.17752838134766 0.0125612091064453 36.1360107421875 21.5045654296875 58.8306657623291 0.114057581882724 0.062821170342213 0.195970474954998 0.627150772820064 
